1801.000	 -29.0700	-29.0700	 -29.0700
1802.000	 -29.0700	-29.0700	 -29.0700
1803.000	 -29.2246	-28.9793	 -29.4700
1804.000	 -29.3793	-28.8886	 -29.8699
1805.000	 -29.4085	-28.9576	 -29.8594
1806.000	 -29.4378	-28.9513	 -29.9242
1807.000	 -29.4587	-29.0121	 -29.9054
1808.000	 -29.4797	-28.9969	 -29.9626
1809.000	 -29.4936	-29.0505	 -29.9367
1810.000	 -29.5074	-29.0274	 -29.9874
1811.000	 -29.5168	-29.0765	 -29.9572
1812.000	 -29.5263	-29.0485	 -30.0041
1813.000	 -29.5336	-29.0954	 -29.9718
1814.000	 -29.5409	-29.0648	 -30.0170
1815.000	 -29.5468	-29.1101	 -29.9835
1816.000	 -29.5527	-29.0778	 -30.0275
1817.000	 -29.5570	-29.1215	 -29.9925
1818.000	 -29.5614	-29.0874	 -30.0353
1819.000	 -29.5627	-29.1281	 -29.9973
1820.000	 -29.5641	-29.0908	 -30.0374
1821.000	 -29.5630	-29.1290	 -29.9970
1822.000	 -29.5619	-29.0891	 -30.0348
1823.000	 -29.5568	-29.1233	 -29.9904
1824.000	 -29.5518	-29.0792	 -30.0243
1825.000	 -29.5458	-29.1125	 -29.9791
1826.000	 -29.5398	-29.0675	 -30.0121
1827.000	 -29.5352	-29.1021	 -29.9683
1828.000	 -29.5306	-29.0584	 -30.0028
1829.000	 -29.5285	-29.0955	 -29.9615
1830.000	 -29.5264	-29.0544	 -29.9985
1831.000	 -29.5243	-29.0914	 -29.9572
1832.000	 -29.5222	-29.0502	 -29.9942
1833.000	 -29.5221	-29.0892	 -29.9550
1834.000	 -29.5219	-29.0499	 -29.9940
1835.000	 -29.5217	-29.0888	 -29.9545
1836.000	 -29.5214	-29.0494	 -29.9934
1837.000	 -29.5216	-29.0887	 -29.9545
1838.000	 -29.5218	-29.0497	 -29.9938
1839.000	 -29.5215	-29.0886	 -29.9544
1840.000	 -29.5213	-29.0492	 -29.9934
1841.000	 -29.5204	-29.0875	 -29.9533
1842.000	 -29.5196	-29.0475	 -29.9916
1843.000	 -29.5161	-29.0832	 -29.9491
1844.000	 -29.5127	-29.0406	 -29.9848
1845.000	 -29.5067	-29.0737	 -29.9396
1846.000	 -29.5006	-29.0285	 -29.9727
1847.000	 -29.4920	-29.0590	 -29.9249
1848.000	 -29.4833	-29.0112	 -29.9554
1849.000	 -29.4686	-29.0356	 -29.9016
1850.000	 -29.4539	-28.9818	 -29.9261
1851.000	 -29.4349	-29.0019	 -29.8679
1852.000	 -29.4158	-28.9436	 -29.8880
1853.000	 -29.3932	-28.9601	 -29.8263
1854.000	 -29.3706	-28.8983	 -29.8428
1855.000	 -29.3419	-28.9088	 -29.7751
1856.000	 -29.3133	-28.8410	 -29.7857
1857.000	 -29.2860	-28.8527	 -29.7192
1858.000	 -29.2586	-28.7862	 -29.7310
1859.000	 -29.2364	-28.8031	 -29.6697
1860.000	 -29.2141	-28.7417	 -29.6866
1861.000	 -29.1947	-28.7614	 -29.6280
1862.000	 -29.1752	-28.7028	 -29.6476
1863.000	 -29.1604	-28.7271	 -29.5937
1864.000	 -29.1457	-28.6733	 -29.6181
1865.000	 -29.1317	-28.6984	 -29.5650
1866.000	 -29.1177	-28.6453	 -29.5901
1867.000	 -29.1039	-28.6707	 -29.5371
1868.000	 -29.0901	-28.6177	 -29.5624
1869.000	 -29.0750	-28.6419	 -29.5081
1870.000	 -29.0599	-28.5877	 -29.5322
1871.000	 -29.0436	-28.6106	 -29.4766
1872.000	 -29.0273	-28.5552	 -29.4994
1873.000	 -29.0093	-28.5765	 -29.4422
1874.000	 -28.9913	-28.5194	 -29.4633
1875.000	 -28.9673	-28.5346	 -29.3999
1876.000	 -28.9432	-28.4715	 -29.4149
1877.000	 -28.9132	-28.4808	 -29.3456
1878.000	 -28.8833	-28.4119	 -29.3548
1879.000	 -28.8589	-28.4268	 -29.2910
1880.000	 -28.8345	-28.3633	 -29.3056
1881.000	 -28.8131	-28.3814	 -29.2448
1882.000	 -28.7917	-28.3209	 -29.2624
1883.000	 -28.7695	-28.3383	 -29.2008
1884.000	 -28.7474	-28.2771	 -29.2177
1885.000	 -28.7263	-28.2956	 -29.1570
1886.000	 -28.7052	-28.2355	 -29.1749
1887.000	 -28.6851	-28.2551	 -29.1152
1888.000	 -28.6651	-28.1960	 -29.1343
1889.000	 -28.6421	-28.2127	 -29.0715
1890.000	 -28.6191	-28.1506	 -29.0876
1891.000	 -28.5889	-28.1603	 -29.0176
1892.000	 -28.5588	-28.0910	 -29.0265
1893.000	 -28.5249	-28.0971	 -28.9527
1894.000	 -28.4911	-28.0241	 -28.9580
1895.000	 -28.4535	-28.0266	 -28.8804
1896.000	 -28.4159	-27.9498	 -28.8820
1897.000	 -28.3820	-27.9561	 -28.8079
1898.000	 -28.3481	-27.8830	 -28.8132
1899.000	 -28.3148	-27.8900	 -28.7396
1900.000	 -28.2815	-27.8173	 -28.7456
1901.000	 -28.2457	-27.8220	 -28.6695
1902.000	 -28.2100	-27.7468	 -28.6731
1903.000	 -28.1716	-27.7489	 -28.5943
1904.000	 -28.1332	-27.6709	 -28.5954
1905.000	 -28.1007	-27.6790	 -28.5224
1906.000	 -28.0682	-27.6069	 -28.5296
1907.000	 -28.0404	-27.6197	 -28.4612
1908.000	 -28.0126	-27.5521	 -28.4732
1909.000	 -27.9841	-27.5642	 -28.4040
1910.000	 -27.9555	-27.4958	 -28.4153
1911.000	 -27.9225	-27.5034	 -28.3416
1912.000	 -27.8894	-27.4304	 -28.3485
1913.000	 -27.8599	-27.4415	 -28.2782
1914.000	 -27.8304	-27.3720	 -28.2887
1915.000	 -27.8023	-27.3848	 -28.2199
1916.000	 -27.7743	-27.3167	 -28.2320
1917.000	 -27.7478	-27.3309	 -28.1646
1918.000	 -27.7212	-27.2642	 -28.1782
1919.000	 -27.7048	-27.2887	 -28.1209
1920.000	 -27.6884	-27.2322	 -28.1446
1921.000	 -27.6834	-27.2684	 -28.0985
1922.000	 -27.6785	-27.2234	 -28.1335
1923.000	 -27.6763	-27.2628	 -28.0899
1924.000	 -27.6742	-27.2208	 -28.1276
1925.000	 -27.6726	-27.2612	 -28.0839
1926.000	 -27.6709	-27.2199	 -28.1220
1927.000	 -27.6716	-27.2632	 -28.0800
1928.000	 -27.6722	-27.2242	 -28.1202
1929.000	 -27.6825	-27.2780	 -28.0869
1930.000	 -27.6928	-27.2490	 -28.1365
1931.000	 -27.7065	-27.3073	 -28.1058
1932.000	 -27.7203	-27.2817	 -28.1588
1933.000	 -27.7470	-27.3541	 -28.1400
1934.000	 -27.7738	-27.3414	 -28.2061
1935.000	 -27.8044	-27.4188	 -28.1901
1936.000	 -27.8351	-27.4097	 -28.2606
1937.000	 -27.8675	-27.4897	 -28.2453
1938.000	 -27.8999	-27.4817	 -28.3180
1939.000	 -27.9391	-27.5694	 -28.3088
1940.000	 -27.9784	-27.5674	 -28.3893
1941.000	 -28.0123	-27.6503	 -28.3744
1942.000	 -28.0463	-27.6417	 -28.4508
1943.000	 -28.0777	-27.7222	 -28.4331
1944.000	 -28.1091	-27.7098	 -28.5084
1945.000	 -28.1412	-27.7908	 -28.4917
1946.000	 -28.1734	-27.7778	 -28.5690
1947.000	 -28.2082	-27.8611	 -28.5554
1948.000	 -28.2431	-27.8497	 -28.6364
1949.000	 -28.2704	-27.9251	 -28.6157
1950.000	 -28.2977	-27.9055	 -28.6899
1951.000	 -28.3211	-27.9766	 -28.6656
1952.000	 -28.3445	-27.9527	 -28.7363
1953.000	 -28.3756	-28.0314	 -28.7198
1954.000	 -28.4067	-28.0151	 -28.7982
1955.000	 -28.4363	-28.0925	 -28.7801
1956.000	 -28.4660	-28.0749	 -28.8570
1957.000	 -28.4949	-28.1520	 -28.8378
1958.000	 -28.5239	-28.1340	 -28.9137
1959.000	 -28.5557	-28.2145	 -28.8969
1960.000	 -28.5875	-28.1995	 -28.9756
1961.000	 -28.6188	-28.2799	 -28.9577
1962.000	 -28.6501	-28.2643	 -29.0358
1963.000	 -28.6847	-28.3485	 -29.0209
1964.000	 -28.7193	-28.3361	 -29.1025
1965.000	 -28.7586	-28.4253	 -29.0919
1966.000	 -28.7979	-28.4173	 -29.1785
1967.000	 -28.8335	-28.5032	 -29.1637
1968.000	 -28.8691	-28.4912	 -29.2469
1969.000	 -28.9096	-28.5825	 -29.2367
1970.000	 -28.9501	-28.5750	 -29.3252
1971.000	 -28.9728	-28.6489	 -29.2968
1972.000	 -28.9956	-28.6233	 -29.3679
1973.000	 -29.0043	-28.6836	 -29.3251
1974.000	 -29.0131	-28.6437	 -29.3824
1975.000	 -28.9999	-28.6824	 -29.3173
1976.000	 -28.9867	-28.6202	 -29.3532
1977.000	 -28.9470	-28.6329	 -29.2611
1978.000	 -28.9072	-28.5438	 -29.2707
1979.000	 -28.8347	-28.5243	 -29.1450
1980.000	 -28.7621	-28.4021	 -29.1220
1981.000	 -28.6506	-28.3446	 -28.9565
1982.000	 -28.5391	-28.1835	 -28.8946
1983.000	 -28.3835	-28.0831	 -28.6838
1984.000	 -28.2278	-27.8777	 -28.5780
1985.000	 -28.0389	-27.7454	 -28.3323
1986.000	 -27.8499	-27.5065	 -28.1933
1987.000	 -27.6494	-27.3645	 -27.9343
1988.000	 -27.4489	-27.1135	 -27.7843
1989.000	 -27.2513	-26.9761	 -27.5264
1990.000	 -27.0536	-26.7272	 -27.3801
1991.000	 -26.8929	-26.6289	 -27.1569
1992.000	 -26.7321	-26.4161	 -27.0481
1993.000	 -26.6452	-26.3947	 -26.8958
1994.000	 -26.5583	-26.2551	 -26.8616
1995.000	 -26.5815	-26.3474	 -26.8156
1996.000	 -26.6046	-26.3165	 -26.8927
1997.000	 -26.7488	-26.5336	 -26.9639
1998.000	 -26.8929	-26.6215	 -27.1643
1999.000	 -27.1069	-26.9126	 -27.3013
2000.000	 -27.3210	-27.0686	 -27.5733
2001.000	 -27.4368	-27.2690	 -27.6047
2002.000	 -27.5527	-27.3264	 -27.7789
2003.000	 -27.2251	-27.0932	 -27.3569
2004.000	 -26.8975	-26.7050	 -27.0899
2005.000	 -25.9478	-25.8608	 -26.0347
2006.000	 -24.9981	-24.8528	 -25.1434
2007.000	 -25.8285	-25.7795	 -25.8775
2008.000	 -26.6589	-26.5494	 -26.7685
2009.000	 -27.3298	-27.1462	 -27.5135
2009.100	 -27.3298	-27.1462	 -27.5135