0	1.08E-05	1.13E-05	1.13E-05
0.2	1.08E-05	1.13E-05	1.13E-05
0.4	1.08E-05	1.13E-05	1.13E-05
0.6	1.08E-05	1.13E-05	1.13E-05
0.8	1.08E-05	1.13E-05	1.13E-05
1	1.08E-05	1.13E-05	1.13E-05
1.2	1.08E-05	1.13E-05	1.13E-05
1.4	1.08E-05	1.13E-05	1.13E-05
1.6	1.08E-05	1.13E-05	1.13E-05
1.8	1.08E-05	1.13E-05	1.13E-05
2	1.08E-05	1.13E-05	1.13E-05
2.2	1.08E-05	1.13E-05	1.13E-05
2.4	1.08E-05	1.13E-05	1.13E-05
2.6	1.08E-05	1.13E-05	1.13E-05
2.8	1.08E-05	1.13E-05	1.13E-05
3	1.08E-05	1.13E-05	1.13E-05
3.2	1.08E-05	1.13E-05	1.13E-05
3.4	1.08E-05	1.13E-05	1.13E-05
3.6	1.08E-05	1.13E-05	1.13E-05
3.8	1.08E-05	1.13E-05	1.13E-05
4	1.08E-05	1.13E-05	1.13E-05
4.2	1.08E-05	1.13E-05	1.13E-05
4.4	1.08E-05	1.13E-05	1.13E-05
4.6	1.08E-05	1.13E-05	1.13E-05
4.8	1.08E-05	1.13E-05	1.13E-05
5	1.08E-05	1.13E-05	1.13E-05
5.2	1.08E-05	1.13E-05	1.13E-05
5.4	1.08E-05	1.13E-05	1.13E-05
5.6	1.08E-05	1.13E-05	1.13E-05
5.8	1.08E-05	1.13E-05	1.13E-05
6	1.08E-05	1.13E-05	1.13E-05
6.2	1.08E-05	1.13E-05	1.13E-05
6.4	1.08E-05	1.13E-05	1.13E-05
6.6	1.08E-05	1.13E-05	1.13E-05
6.8	1.08E-05	1.13E-05	1.13E-05
7	1.07E-05	1.13E-05	1.13E-05
7.2	1.07E-05	1.13E-05	1.13E-05
7.4	1.07E-05	1.13E-05	1.13E-05
7.6	1.07E-05	1.13E-05	1.13E-05
7.8	1.07E-05	1.13E-05	1.13E-05
8	1.07E-05	1.13E-05	1.13E-05
8.200001	1.07E-05	1.13E-05	1.13E-05
8.4	1.07E-05	1.12E-05	1.12E-05
8.6	1.07E-05	1.12E-05	1.12E-05
8.799999	1.07E-05	1.12E-05	1.12E-05
9	1.07E-05	1.12E-05	1.12E-05
9.200001	1.07E-05	1.12E-05	1.12E-05
9.4	1.07E-05	1.12E-05	1.12E-05
9.6	1.07E-05	1.12E-05	1.12E-05
9.799999	1.06E-05	1.12E-05	1.12E-05
10	1.06E-05	1.12E-05	1.12E-05
10.2	1.06E-05	1.11E-05	1.11E-05
10.4	1.06E-05	1.11E-05	1.11E-05
10.6	1.06E-05	1.11E-05	1.11E-05
10.8	1.06E-05	1.11E-05	1.11E-05
11	1.05E-05	1.11E-05	1.11E-05
11.2	1.05E-05	1.11E-05	1.11E-05
11.4	1.05E-05	1.10E-05	1.10E-05
11.6	1.05E-05	1.10E-05	1.10E-05
11.8	1.05E-05	1.10E-05	1.10E-05
12	1.05E-05	1.10E-05	1.10E-05
12.2	1.04E-05	1.10E-05	1.10E-05
12.4	1.04E-05	1.09E-05	1.09E-05
12.6	1.04E-05	1.09E-05	1.09E-05
12.8	1.04E-05	1.09E-05	1.09E-05
13	1.04E-05	1.09E-05	1.09E-05
13.2	1.03E-05	1.08E-05	1.08E-05
13.4	1.03E-05	1.08E-05	1.08E-05
13.6	1.03E-05	1.08E-05	1.08E-05
13.8	1.03E-05	1.08E-05	1.08E-05
14	1.02E-05	1.07E-05	1.07E-05
14.2	1.02E-05	1.07E-05	1.07E-05
14.4	1.02E-05	1.07E-05	1.07E-05
14.6	1.02E-05	1.07E-05	1.07E-05
14.8	1.01E-05	1.06E-05	1.06E-05
15	1.01E-05	1.06E-05	1.06E-05
15.2	1.01E-05	1.06E-05	1.06E-05
15.4	1.01E-05	1.06E-05	1.06E-05
15.6	1.00E-05	1.05E-05	1.05E-05
15.8	1.00E-05	1.05E-05	1.05E-05
16	9.98E-06	1.05E-05	1.05E-05
16.2	9.95E-06	1.04E-05	1.04E-05
16.4	9.92E-06	1.04E-05	1.04E-05
16.6	9.89E-06	1.04E-05	1.04E-05
16.8	9.86E-06	1.04E-05	1.04E-05
17	9.84E-06	1.03E-05	1.03E-05
17.2	9.80E-06	1.03E-05	1.03E-05
17.4	9.77E-06	1.03E-05	1.03E-05
17.6	9.74E-06	1.02E-05	1.02E-05
17.8	9.71E-06	1.02E-05	1.02E-05
18	9.68E-06	1.02E-05	1.02E-05
18.2	9.65E-06	1.01E-05	1.01E-05
18.4	9.62E-06	1.01E-05	1.01E-05
18.6	9.59E-06	1.01E-05	1.01E-05
18.8	9.56E-06	1.00E-05	1.00E-05
19	9.53E-06	1.00E-05	1.00E-05
19.2	9.50E-06	9.97E-06	9.97E-06
19.4	9.47E-06	9.94E-06	9.94E-06
19.6	9.43E-06	9.91E-06	9.91E-06
19.8	9.40E-06	9.87E-06	9.87E-06
20	9.37E-06	9.84E-06	9.84E-06
20.2	9.34E-06	9.80E-06	9.80E-06
20.4	9.30E-06	9.77E-06	9.77E-06
20.6	9.27E-06	9.73E-06	9.73E-06
20.8	9.23E-06	9.69E-06	9.69E-06
21	9.20E-06	9.66E-06	9.66E-06
21.2	9.16E-06	9.62E-06	9.62E-06
21.4	9.13E-06	9.59E-06	9.59E-06
21.6	9.09E-06	9.55E-06	9.55E-06
21.8	9.06E-06	9.51E-06	9.51E-06
22	9.02E-06	9.48E-06	9.48E-06
22.2	8.99E-06	9.44E-06	9.44E-06
22.4	8.95E-06	9.40E-06	9.40E-06
22.6	8.92E-06	9.36E-06	9.36E-06
22.8	8.88E-06	9.32E-06	9.32E-06
23	8.84E-06	9.28E-06	9.28E-06
23.2	8.81E-06	9.25E-06	9.25E-06
23.4	8.77E-06	9.21E-06	9.21E-06
23.6	8.73E-06	9.17E-06	9.17E-06
23.8	8.69E-06	9.13E-06	9.13E-06
24	8.66E-06	9.09E-06	9.09E-06
24.2	8.62E-06	9.05E-06	9.05E-06
24.4	8.58E-06	9.01E-06	9.01E-06
24.6	8.54E-06	8.97E-06	8.97E-06
24.8	8.50E-06	8.93E-06	8.93E-06
25	8.46E-06	8.89E-06	8.89E-06
25.2	8.42E-06	8.85E-06	8.85E-06
25.4	8.38E-06	8.80E-06	8.80E-06
25.6	8.35E-06	8.76E-06	8.76E-06
25.8	8.31E-06	8.72E-06	8.72E-06
26	8.26E-06	8.68E-06	8.68E-06
26.2	8.22E-06	8.63E-06	8.63E-06
26.4	8.18E-06	8.59E-06	8.59E-06
26.6	8.14E-06	8.55E-06	8.55E-06
26.8	8.10E-06	8.50E-06	8.50E-06
27	8.05E-06	8.46E-06	8.46E-06
27.2	8.01E-06	8.41E-06	8.41E-06
27.4	7.96E-06	8.36E-06	8.36E-06
27.6	7.92E-06	8.32E-06	8.32E-06
27.8	7.88E-06	8.27E-06	8.27E-06
28	7.83E-06	8.22E-06	8.22E-06
28.2	7.79E-06	8.18E-06	8.18E-06
28.4	7.74E-06	8.13E-06	8.13E-06
28.6	7.70E-06	8.08E-06	8.08E-06
28.8	7.65E-06	8.03E-06	8.03E-06
29	7.60E-06	7.98E-06	7.98E-06
29.2	7.56E-06	7.94E-06	7.94E-06
29.4	7.51E-06	7.89E-06	7.89E-06
29.6	7.47E-06	7.84E-06	7.84E-06
29.8	7.42E-06	7.79E-06	7.79E-06
30	7.37E-06	7.74E-06	7.74E-06
30.2	7.33E-06	7.69E-06	7.69E-06
30.4	7.28E-06	7.64E-06	7.64E-06
30.6	7.23E-06	7.60E-06	7.60E-06
30.8	7.19E-06	7.55E-06	7.55E-06
31	7.14E-06	7.50E-06	7.50E-06
31.2	7.09E-06	7.45E-06	7.45E-06
31.4	7.05E-06	7.40E-06	7.40E-06
31.6	7.00E-06	7.35E-06	7.35E-06
31.8	6.96E-06	7.30E-06	7.30E-06
32	6.91E-06	7.26E-06	7.26E-06
32.2	6.86E-06	7.21E-06	7.21E-06
32.4	6.82E-06	7.16E-06	7.16E-06
32.6	6.77E-06	7.11E-06	7.11E-06
32.8	6.72E-06	7.06E-06	7.06E-06
33	6.68E-06	7.01E-06	7.01E-06
33.2	6.63E-06	6.96E-06	6.96E-06
33.4	6.59E-06	6.91E-06	6.91E-06
33.6	6.54E-06	6.87E-06	6.87E-06
33.8	6.49E-06	6.82E-06	6.82E-06
34	6.45E-06	6.77E-06	6.77E-06
34.2	6.40E-06	6.72E-06	6.72E-06
34.4	6.35E-06	6.67E-06	6.67E-06
34.6	6.31E-06	6.62E-06	6.62E-06
34.8	6.26E-06	6.57E-06	6.57E-06
35	6.22E-06	6.53E-06	6.53E-06
35.2	6.17E-06	6.48E-06	6.48E-06
35.4	6.12E-06	6.43E-06	6.43E-06
35.6	6.08E-06	6.38E-06	6.38E-06
35.8	6.03E-06	6.33E-06	6.33E-06
36	5.98E-06	6.28E-06	6.28E-06
36.2	5.94E-06	6.23E-06	6.23E-06
36.4	5.89E-06	6.19E-06	6.19E-06
36.6	5.84E-06	6.14E-06	6.14E-06
36.8	5.80E-06	6.09E-06	6.09E-06
37	5.75E-06	6.04E-06	6.04E-06
37.2	5.71E-06	5.99E-06	5.99E-06
37.4	5.66E-06	5.94E-06	5.94E-06
37.6	5.61E-06	5.89E-06	5.89E-06
37.8	5.57E-06	5.85E-06	5.85E-06
38	5.52E-06	5.80E-06	5.80E-06
38.2	5.47E-06	5.75E-06	5.75E-06
38.4	5.43E-06	5.70E-06	5.70E-06
38.6	5.38E-06	5.65E-06	5.65E-06
38.8	5.34E-06	5.60E-06	5.60E-06
39	5.29E-06	5.55E-06	5.55E-06
39.2	5.24E-06	5.51E-06	5.51E-06
39.4	5.20E-06	5.46E-06	5.46E-06
39.6	5.15E-06	5.41E-06	5.41E-06
39.8	5.10E-06	5.36E-06	5.36E-06
40	5.06E-06	5.31E-06	5.31E-06
40.2	5.01E-06	5.26E-06	5.26E-06
40.4	4.97E-06	5.21E-06	5.21E-06
40.6	4.92E-06	5.16E-06	5.16E-06
40.8	4.87E-06	5.12E-06	5.12E-06
41	4.83E-06	5.07E-06	5.07E-06
41.2	4.78E-06	5.02E-06	5.02E-06
41.4	4.73E-06	4.97E-06	4.97E-06
41.6	4.69E-06	4.92E-06	4.92E-06
41.8	4.64E-06	4.87E-06	4.87E-06
42	4.59E-06	4.82E-06	4.82E-06
42.2	4.55E-06	4.78E-06	4.78E-06
42.4	4.50E-06	4.73E-06	4.73E-06
42.6	4.46E-06	4.68E-06	4.68E-06
42.8	4.41E-06	4.63E-06	4.63E-06
43	4.36E-06	4.58E-06	4.58E-06
43.2	4.32E-06	4.53E-06	4.53E-06
43.4	4.27E-06	4.48E-06	4.48E-06
43.6	4.22E-06	4.44E-06	4.44E-06
43.8	4.18E-06	4.39E-06	4.39E-06
44	4.13E-06	4.34E-06	4.34E-06
44.2	4.09E-06	4.29E-06	4.29E-06
44.4	4.04E-06	4.24E-06	4.24E-06
44.6	3.99E-06	4.19E-06	4.19E-06
44.8	3.95E-06	4.14E-06	4.14E-06
45	3.90E-06	4.10E-06	4.10E-06
45.2	3.85E-06	4.05E-06	4.05E-06
45.4	3.81E-06	4.00E-06	4.00E-06
45.6	3.76E-06	3.95E-06	3.95E-06
45.8	3.72E-06	3.90E-06	3.90E-06
46	3.67E-06	3.85E-06	3.85E-06
46.2	3.62E-06	3.80E-06	3.80E-06
46.4	3.58E-06	3.76E-06	3.76E-06
46.6	3.53E-06	3.71E-06	3.71E-06
46.8	3.48E-06	3.66E-06	3.66E-06
47	3.44E-06	3.61E-06	3.61E-06
47.2	3.39E-06	3.56E-06	3.56E-06
47.4	3.34E-06	3.51E-06	3.51E-06
47.6	3.30E-06	3.46E-06	3.46E-06
47.8	3.25E-06	3.41E-06	3.41E-06
48	3.21E-06	3.37E-06	3.37E-06
48.2	3.16E-06	3.32E-06	3.32E-06
48.4	3.11E-06	3.27E-06	3.27E-06
48.6	3.07E-06	3.22E-06	3.22E-06
48.8	3.02E-06	3.17E-06	3.17E-06
49	2.97E-06	3.12E-06	3.12E-06
49.2	2.93E-06	3.07E-06	3.07E-06
49.4	2.88E-06	3.03E-06	3.03E-06
49.6	2.84E-06	2.98E-06	2.98E-06
49.8	2.79E-06	2.93E-06	2.93E-06
50	2.74E-06	2.88E-06	2.88E-06
50.2	2.70E-06	2.83E-06	2.83E-06
50.4	2.65E-06	2.78E-06	2.78E-06
50.6	2.60E-06	2.73E-06	2.73E-06
50.8	2.56E-06	2.69E-06	2.69E-06
51	2.51E-06	2.64E-06	2.64E-06
51.2	2.47E-06	2.59E-06	2.59E-06
51.4	2.42E-06	2.54E-06	2.54E-06
51.6	2.37E-06	2.49E-06	2.49E-06
51.8	2.33E-06	2.44E-06	2.44E-06
52	2.28E-06	2.39E-06	2.39E-06
52.2	2.23E-06	2.35E-06	2.35E-06
52.4	2.19E-06	2.30E-06	2.30E-06
52.6	2.14E-06	2.25E-06	2.25E-06
52.8	2.09E-06	2.20E-06	2.20E-06
53	2.05E-06	2.15E-06	2.15E-06
53.2	2.00E-06	2.10E-06	2.10E-06
53.4	1.96E-06	2.05E-06	2.05E-06
53.6	1.91E-06	2.01E-06	2.01E-06
53.8	1.86E-06	1.96E-06	1.96E-06
54	1.82E-06	1.91E-06	1.91E-06
54.2	1.77E-06	1.86E-06	1.86E-06
54.4	1.72E-06	1.81E-06	1.81E-06
54.6	1.68E-06	1.76E-06	1.76E-06
54.8	1.63E-06	1.71E-06	1.71E-06
55	1.59E-06	1.66E-06	1.66E-06
55.2	1.54E-06	1.62E-06	1.62E-06
55.4	1.49E-06	1.57E-06	1.57E-06
55.6	1.45E-06	1.52E-06	1.52E-06
55.8	1.40E-06	1.47E-06	1.47E-06
56	1.35E-06	1.42E-06	1.42E-06
56.2	1.31E-06	1.37E-06	1.37E-06
56.4	1.26E-06	1.32E-06	1.32E-06
56.6	1.22E-06	1.28E-06	1.28E-06
56.8	1.17E-06	1.23E-06	1.23E-06
57	1.12E-06	1.18E-06	1.18E-06
57.2	1.08E-06	1.13E-06	1.13E-06
57.4	1.03E-06	1.08E-06	1.08E-06
57.6	9.84E-07	1.03E-06	1.03E-06
57.8	9.38E-07	9.84E-07	9.84E-07
58	8.91E-07	9.36E-07	9.36E-07
58.2	8.45E-07	8.87E-07	8.87E-07
58.4	7.97E-07	8.37E-07	8.37E-07
58.6	7.48E-07	7.86E-07	7.86E-07
58.8	7.00E-07	7.35E-07	7.35E-07
59	6.51E-07	6.84E-07	6.84E-07
59.2	6.02E-07	6.33E-07	6.33E-07
59.4	5.54E-07	5.82E-07	5.82E-07
59.6	5.05E-07	5.30E-07	5.30E-07
59.8	4.57E-07	4.79E-07	4.79E-07
60	4.08E-07	4.28E-07	4.28E-07
60.2	3.60E-07	3.78E-07	3.78E-07
60.4	3.13E-07	3.28E-07	3.28E-07
60.6	2.66E-07	2.80E-07	2.80E-07
60.8	2.23E-07	2.35E-07	2.35E-07
61	1.85E-07	1.94E-07	1.94E-07
61.2	1.50E-07	1.58E-07	1.58E-07
61.4	1.25E-07	1.31E-07	1.31E-07
61.6	1.06E-07	1.12E-07	1.12E-07
61.8	8.97E-08	9.42E-08	9.42E-08
62	7.52E-08	7.90E-08	7.90E-08
62.2	6.19E-08	6.50E-08	6.50E-08
62.4	5.09E-08	5.35E-08	5.35E-08
62.6	4.17E-08	4.38E-08	4.38E-08
62.8	3.41E-08	3.59E-08	3.59E-08
63	2.89E-08	3.04E-08	3.04E-08
63.2	2.45E-08	2.58E-08	2.58E-08
63.4	2.11E-08	2.21E-08	2.21E-08
63.6	1.83E-08	1.92E-08	1.92E-08
63.8	1.38E-08	1.45E-08	1.45E-08
64	6.84E-09	7.18E-09	7.18E-09
64.08588	6.51E-09	6.84E-09	6.84E-09
64.17196	6.28E-09	6.60E-09	6.60E-09
64.25822	6.09E-09	6.39E-09	6.39E-09
64.34467	5.88E-09	6.18E-09	6.18E-09
64.4313	5.68E-09	5.97E-09	5.97E-09
64.51813	5.48E-09	5.76E-09	5.76E-09
64.60513	5.27E-09	5.54E-09	5.54E-09
64.69234	5.07E-09	5.32E-09	5.32E-09
64.77972	4.89E-09	5.13E-09	5.13E-09
64.8673	4.72E-09	4.95E-09	4.95E-09
64.95508	4.48E-09	4.71E-09	4.71E-09
65.04304	4.22E-09	4.43E-09	4.43E-09
65.13119	3.94E-09	4.14E-09	4.14E-09
65.21953	3.67E-09	3.85E-09	3.85E-09
65.30807	3.39E-09	3.56E-09	3.56E-09
65.3968	3.14E-09	3.29E-09	3.29E-09
65.48573	2.88E-09	3.02E-09	3.02E-09
65.57484	2.71E-09	2.84E-09	2.84E-09
65.66416	2.55E-09	2.68E-09	2.68E-09
65.75368	2.44E-09	2.56E-09	2.56E-09
65.84338	2.34E-09	2.46E-09	2.46E-09
65.9333	2.26E-09	2.37E-09	2.37E-09
66.0234	2.21E-09	2.32E-09	2.32E-09
66.11371	2.15E-09	2.26E-09	2.26E-09
66.20421	2.12E-09	2.23E-09	2.23E-09
66.29491	2.09E-09	2.19E-09	2.19E-09
66.38582	2.06E-09	2.16E-09	2.16E-09
66.47693	2.04E-09	2.14E-09	2.13E-09
66.56824	2.01E-09	2.11E-09	2.11E-09
66.65974	1.98E-09	2.08E-09	2.09E-09
66.75146	1.97E-09	2.07E-09	2.07E-09
66.84338	1.97E-09	2.07E-09	2.05E-09
66.93551	1.96E-09	2.05E-09	2.03E-09
67.02783	1.93E-09	2.02E-09	2.01E-09
67.12037	1.90E-09	1.99E-09	1.99E-09
67.21311	1.87E-09	1.97E-09	1.97E-09
67.30605	1.85E-09	1.94E-09	1.96E-09
67.39921	1.85E-09	1.94E-09	1.95E-09
67.49257	1.85E-09	1.94E-09	1.94E-09
67.58614	1.85E-09	1.94E-09	1.93E-09
67.67992	1.85E-09	1.94E-09	1.92E-09
67.77391	1.83E-09	1.92E-09	1.91E-09
67.86811	1.79E-09	1.88E-09	1.90E-09
67.96252	1.77E-09	1.85E-09	1.89E-09
68.05714	1.75E-09	1.83E-09	1.88E-09
68.15197	1.74E-09	1.82E-09	1.87E-09
68.24702	1.74E-09	1.82E-09	1.86E-09
68.34227	1.74E-09	1.82E-09	1.85E-09
68.43774	1.74E-09	1.82E-09	1.84E-09
68.53342	1.74E-09	1.82E-09	1.83E-09
68.62933	1.74E-09	1.82E-09	1.82E-09
68.72557	1.73E-09	1.81E-09	1.81E-09
68.82219	1.69E-09	1.78E-09	1.80E-09
68.91934	1.66E-09	1.75E-09	1.79E-09
69.01708	1.64E-09	1.72E-09	1.78E-09
69.11542	1.62E-09	1.70E-09	1.77E-09
69.21432	1.62E-09	1.70E-09	1.76E-09
69.31381	1.62E-09	1.70E-09	1.75E-09
69.41387	1.62E-09	1.70E-09	1.74E-09
69.51449	1.62E-09	1.70E-09	1.73E-09
69.61567	1.62E-09	1.70E-09	1.72E-09
69.71741	1.62E-09	1.70E-09	1.71E-09
69.81969	1.62E-09	1.70E-09	1.70E-09
69.9225	1.62E-09	1.70E-09	1.69E-09
70.02585	1.60E-09	1.68E-09	1.68E-09
70.12972	1.58E-09	1.66E-09	1.68E-09
70.23412	1.53E-09	1.61E-09	1.68E-09
70.33903	1.50E-09	1.58E-09	1.67E-09
70.44444	1.50E-09	1.58E-09	1.67E-09
70.55034	1.50E-09	1.58E-09	1.67E-09
70.65674	1.50E-09	1.58E-09	1.67E-09
70.76361	1.50E-09	1.58E-09	1.67E-09
70.87096	1.50E-09	1.58E-09	1.66E-09
70.97878	1.50E-09	1.58E-09	1.66E-09
71.08704	1.50E-09	1.58E-09	1.66E-09
71.19576	1.50E-09	1.58E-09	1.66E-09
71.30492	1.50E-09	1.58E-09	1.66E-09
71.41452	1.50E-09	1.58E-09	1.65E-09
71.52454	1.50E-09	1.57E-09	1.65E-09
71.63497	1.48E-09	1.55E-09	1.65E-09
71.74581	1.45E-09	1.52E-09	1.65E-09
71.85705	1.41E-09	1.48E-09	1.65E-09
71.96867	1.39E-09	1.46E-09	1.64E-09
72.08068	1.39E-09	1.46E-09	1.64E-09
72.19305	1.39E-09	1.46E-09	1.64E-09
72.30579	1.39E-09	1.46E-09	1.64E-09
72.41888	1.39E-09	1.46E-09	1.64E-09
72.53232	1.39E-09	1.46E-09	1.63E-09
72.64609	1.39E-09	1.46E-09	1.63E-09
72.76018	1.39E-09	1.46E-09	1.63E-09
72.87459	1.39E-09	1.46E-09	1.63E-09
72.9893	1.39E-09	1.46E-09	1.63E-09
73.10432	1.39E-09	1.46E-09	1.62E-09
73.21961	1.39E-09	1.46E-09	1.62E-09
73.33518	1.39E-09	1.46E-09	1.62E-09
73.45103	1.39E-09	1.46E-09	1.62E-09
73.56712	1.36E-09	1.43E-09	1.62E-09
73.68347	1.32E-09	1.38E-09	1.61E-09
73.80006	1.29E-09	1.36E-09	1.61E-09
73.91688	1.27E-09	1.34E-09	1.61E-09
74.03391	1.27E-09	1.34E-09	1.61E-09
74.15115	1.27E-09	1.34E-09	1.61E-09
74.26861	1.27E-09	1.34E-09	1.60E-09
74.38625	1.27E-09	1.34E-09	1.60E-09
74.50407	1.27E-09	1.33E-09	1.60E-09
74.62206	1.22E-09	1.28E-09	1.60E-09
74.74021	1.18E-09	1.24E-09	1.60E-09
74.85852	1.16E-09	1.22E-09	1.59E-09
74.97697	1.16E-09	1.22E-09	1.59E-09
75.09556	1.16E-09	1.22E-09	1.59E-09
75.21426	1.15E-09	1.20E-09	1.59E-09
75.33309	1.12E-09	1.18E-09	1.59E-09
75.45203	1.07E-09	1.12E-09	1.58E-09
75.57105	1.04E-09	1.10E-09	1.58E-09
75.69016	1.04E-09	1.09E-09	1.58E-09
75.80927	1.01E-09	1.06E-09	1.58E-09
75.92835	9.64E-10	1.01E-09	1.58E-09
76.0474	9.09E-10	9.55E-10	1.57E-09
76.1664	8.54E-10	8.97E-10	1.57E-09
76.28536	7.99E-10	8.39E-10	1.57E-09
76.40427	7.44E-10	7.81E-10	1.57E-09
76.52315	6.89E-10	7.24E-10	1.57E-09
76.64197	6.34E-10	6.66E-10	1.56E-09
76.76076	5.79E-10	6.08E-10	1.56E-09
76.87949	5.24E-10	5.50E-10	1.56E-09
76.99819	4.69E-10	4.92E-10	1.56E-09
77.11685	4.14E-10	4.34E-10	1.56E-09
77.23547	3.59E-10	3.77E-10	1.55E-09
77.35403	3.04E-10	3.19E-10	1.55E-09
77.47256	2.49E-10	2.61E-10	1.55E-09
77.59106	1.93E-10	2.03E-10	1.55E-09
77.7095	1.40E-10	1.47E-10	1.55E-09
77.8279	1.04E-10	1.10E-10	1.54E-09
77.94627	7.20E-11	7.56E-11	1.50E-09
78.06459	4.45E-11	4.67E-11	1.40E-09
78.18287	2.12E-11	2.23E-11	1.20E-09
78.30111	1.00E-11	1.05E-11	9.00E-10
78.41931	5.00E-13	5.25E-13	5.00E-10
78.53747	0.00E+00	0	1.00E-10
78.65559	0.00E+00	0	4.00E-11
78.77367	0.00E+00	0	0.00E+00
78.77367	0.00E+00	0	0.00E+00
78.77367	0.00E+00	0	0.00E+00
78.77367	0.00E+00	0	0.00E+00
78.77367	0.00E+00	0	0.00E+00
78.77367	0.00E+00	0	0.00E+00
78.77367	0.00E+00	0	0.00E+00
78.77367	0.00E+00	0	0.00E+00
78.77367	0.00E+00	0	0.00E+00
78.77367	0.00E+00	0	0.00E+00
78.77367	0.00E+00	0	0.00E+00
78.77367	0.00E+00	0	0.00E+00
78.77367	0.00E+00	0	0.00E+00
78.77367	0.00E+00	0	0.00E+00
78.77367	0.00E+00	0	0.00E+00
78.77367	0.00E+00	0	0.00E+00
78.77367	0.00E+00	0	0.00E+00
78.77367	0.00E+00	0	0.00E+00
78.77367	0.00E+00	0	0.00E+00
78.77367	0.00E+00	0	0.00E+00
78.77367	0.00E+00	0	0.00E+00
78.77367	0.00E+00	0	0.00E+00
78.77367	0.00E+00	0	0.00E+00
78.77367	0.00E+00	0	0.00E+00
78.77367	0.00E+00	0	0.00E+00
78.77367	0.00E+00	0	0.00E+00
78.77367	0.00E+00	0	0.00E+00
78.77367	0.00E+00	0	0.00E+00
78.77367	0.00E+00	0	0.00E+00
78.77367	0.00E+00	0	0.00E+00
78.77367	0.00E+00	0	0.00E+00
78.77367	0.00E+00	0	0.00E+00
78.77367	0.00E+00	0	0.00E+00
78.77367	0.00E+00	0	0.00E+00
78.77367	0.00E+00	0	0.00E+00
78.77367	0.00E+00	0	0.00E+00
78.77367	0.00E+00	0	0.00E+00
78.77367	0.00E+00	0	0.00E+00
78.77367	0.00E+00	0	0.00E+00
78.77367	0.00E+00	0	0.00E+00
78.77367	0.00E+00	0	0.00E+00
78.77367	0.00E+00	0	0.00E+00
78.77367	0.00E+00	0	0.00E+00
78.77367	0.00E+00	0	0.00E+00
78.77367	0.00E+00	0	0.00E+00
78.77367	0.00E+00	0	0.00E+00
78.77367	0.00E+00	0	0.00E+00
78.77367	0.00E+00	0	0.00E+00
78.77367	0.00E+00	0	0.00E+00
78.77367	0.00E+00	0	0.00E+00
78.77367	0.00E+00	0	0.00E+00
78.77367	0.00E+00	0	0.00E+00
78.77367	0.00E+00	0	0.00E+00
78.77367	0.00E+00	0	0.00E+00
78.77367	0.00E+00	0	0.00E+00
78.77367	0.00E+00	0	0.00E+00
78.77367	0.00E+00	0	0.00E+00
78.77367	0.00E+00	0	0.00E+00
78.77367	0.00E+00	0	0.00E+00
78.77367	0.00E+00	0	0.00E+00
78.77367	0.00E+00	0	0.00E+00
78.77367	0.00E+00	0	0.00E+00
78.77367	0.00E+00	0	0.00E+00
78.77367	0.00E+00	0	0.00E+00
78.77367	0.00E+00	0	0.00E+00
78.77367	0.00E+00	0	0.00E+00
78.77367	0.00E+00	0	0.00E+00
78.77367	0.00E+00	0	0.00E+00
78.77367	0.00E+00	0	0.00E+00
78.77367	0.00E+00	0	0.00E+00
78.77367	0.00E+00	0	0.00E+00
78.77367	0.00E+00	0	0.00E+00
78.77367	0.00E+00	0	0.00E+00
78.77367	0.00E+00	0	0.00E+00
78.77367	0.00E+00	0	0.00E+00
78.77367	0.00E+00	0	0.00E+00
78.77367	0.00E+00	0	0.00E+00
78.77367	0.00E+00	0	0.00E+00
78.77367	0.00E+00	0	0.00E+00
78.77367	0.00E+00	0	0.00E+00
78.77367	0.00E+00	0	0.00E+00
78.77367	0.00E+00	0	0.00E+00
78.77367	0.00E+00	0	0.00E+00
78.77367	0.00E+00	0	0.00E+00
78.77367	0.00E+00	0	0.00E+00
78.77367	0.00E+00	0	0.00E+00
78.77367	0.00E+00	0	0.00E+00
78.77367	0.00E+00	0	0.00E+00
78.77367	0.00E+00	0	0.00E+00
78.77367	0.00E+00	0	0.00E+00
78.77367	0.00E+00	0	0.00E+00
78.77367	0.00E+00	0	0.00E+00
78.77367	0.00E+00	0	0.00E+00
78.77367	0.00E+00	0	0.00E+00
78.77367	0.00E+00	0	0.00E+00
78.77367	0.00E+00	0	0.00E+00
78.77367	0.00E+00	0	0.00E+00
78.77367	0.00E+00	0	0.00E+00
78.77367	0.00E+00	0	0.00E+00
78.77367	0.00E+00	0	0.00E+00
78.77367	0.00E+00	0	0.00E+00
78.77367	0.00E+00	0	0.00E+00
78.77367	0.00E+00	0	0.00E+00
78.77367	0.00E+00	0	0.00E+00
78.77367	0.00E+00	0	0.00E+00
78.77367	0.00E+00	0	0.00E+00