   0.00000     -22.2060  349.98386
   0.50000     -21.8350  356.77659
   1.00000     -22.2573  363.56838
   1.50000     -23.1241  370.35903
   2.00000     -24.1759  377.14825
   2.50000     -25.2429  383.93570
   3.00000     -26.2253  390.72095
   3.50000     -27.0733  397.50349
   4.00000     -27.7696  404.28265
   4.50000     -28.3170  411.05763
   5.00000     -28.7297  417.82743
   5.50000     -29.0269  424.59079
   6.00000     -29.2294  431.34619
   6.50000     -29.3570  438.09171
   7.00000     -29.4276  444.82497
   7.50000     -29.4563  451.54305
   8.00000     -29.4557  458.24229
   8.50000     -29.4356  464.91818
   9.00000     -29.4036  471.56512
   9.50000     -29.3653  478.17616
  10.00000     -29.3249  484.74269
  10.50000     -29.2850  491.25403
  11.00000     -29.2474  497.69696
  11.50000     -29.2133  504.05506
  12.00000     -29.1831  510.30798
  12.50000     -29.1570  516.43049
  13.00000     -29.1348  522.39131
  13.50000     -29.1163  528.15167
  14.00000     -29.1012  533.66347
  14.50000     -29.0891  538.86709
  15.00000     -29.0795  543.68862
  15.50000     -29.0721  548.03641
  16.00000     -29.0666  551.79686
  16.50000     -29.0625  555.21037
  17.00000     -29.0597  558.60619
  17.50000     -29.0579  561.98434
  18.00000     -29.0569  565.34480
  18.50000     -29.0565  568.68759
  19.00000     -29.0565  572.01269
  19.50000     -29.0569  575.32011
  20.00000     -29.0575  578.60986
  20.50000     -29.0583  581.88192
  21.00000     -29.0592  585.13630
  21.50000     -29.0601  588.37300
  22.00000     -29.0610  591.59202
  22.50000     -29.0619  594.79336
  23.00000     -29.0628  597.97702
  23.50000     -29.0636  601.14299
  24.00000     -29.0644  604.29129
  24.50000     -29.0650  607.42191
  25.00000     -29.0656  610.53484
  25.50000     -29.0662  613.63010
  26.00000     -29.0667  616.70767
  26.50000     -29.0671  619.76757
  27.00000     -29.0675  622.80978
  27.50000     -29.0678  625.83431
  28.00000     -29.0681  628.84117
  28.50000     -29.0683  631.83034
  29.00000     -29.0685  634.80183
  29.50000     -29.0687  637.75564
  30.00000     -29.0689  640.69177
  30.50000     -29.0690  643.61022
  31.00000     -29.0691  646.51099
  31.50000     -29.0692  649.39408
  32.00000     -29.0693  652.25948
  32.50000     -29.0693  655.10721
  33.00000     -29.0694  657.93726
  33.50000     -29.0694  660.74962
  34.00000     -29.0694  663.54431
  34.50000     -29.0695  666.32131
  35.00000     -29.0695  669.08064
  35.50000     -29.0695  671.82228
  36.00000     -29.0695  674.54624
  36.50000     -29.0695  677.25253
  37.00000     -29.0696  679.94113
  37.50000     -29.0696  682.61205
  38.00000     -29.0696  685.26529
  38.50000     -29.0696  687.90085
  39.00000     -29.0696  690.51873
  39.50000     -29.0696  693.11893
  40.00000     -29.0696  695.70144
  40.50000     -29.0696  698.26628
  41.00000     -29.0696  700.81344
  41.50000     -29.0696  703.34291
  42.00000     -29.0696  705.85471
  42.50000     -29.0696  708.34882
  43.00000     -29.0696  710.82526
  43.50000     -29.0696  713.28401
  44.00000     -29.0696  715.72509
  44.50000     -29.0696  718.14848
  45.00000     -29.0696  720.55419
  45.50000     -29.0696  722.94222
  46.00000     -29.0696  725.31257
  46.50000     -29.0696  727.66524
  47.00000     -29.0696  730.00023
  47.50000     -29.0696  732.31754
  48.00000     -29.0696  734.61717
  48.50000     -29.0696  736.89912
  49.00000     -29.0696  739.16338
  49.50000     -29.0696  741.40997
  50.00000     -29.0696  743.63887
  50.50000     -29.0696  745.85010
  51.00000     -29.0696  748.04364
  51.50000     -29.0696  750.21951
  52.00000     -29.0696  752.37769
  52.50000     -29.0696  754.51819
  53.00000     -29.0696  756.64102
  53.50000     -29.0696  758.74616
  54.00000     -29.0696  760.83362
  54.50000     -29.0696  762.90340
  55.00000     -29.0696  764.95550
  55.50000     -29.0696  766.98992
  56.00000     -29.0696  769.00666
  56.50000     -29.0696  771.00572
  57.00000     -29.0697  772.98709
  57.50000     -29.0697  774.95079
  58.00000     -29.0697  776.89681
  58.50000     -29.0697  778.82514
  59.00000     -29.0697  780.73580
  59.50000     -29.0697  782.62877
  60.00000     -29.0697  784.50406
  60.50000     -29.0697  786.36168
  61.00000     -29.0697  788.20161
  61.50000     -29.0697  790.02386
  62.00000     -29.0697  791.82843
  62.50000     -29.0697  793.61532
  63.00000     -29.0697  795.38453
  63.50000     -29.0697  797.13606
  64.00000     -29.0697  798.86991
  64.50000     -29.0697  800.58608
  65.00000     -29.0697  802.28457
  65.50000     -29.0697  803.96537
  66.00000     -29.0697  805.62850
  66.50000     -29.0697  807.27395
  67.00000     -29.0697  808.90171
  67.50000     -29.0697  810.51180
  68.00000     -29.0697  812.10420
  68.50000     -29.0697  813.67892
  69.00000     -29.0697  815.23597
  69.50000     -29.0697  816.77533
  70.00000     -29.0697  818.29701
  70.50000     -29.0697  819.80101
  71.00000     -29.0697  821.28733
  71.50000     -29.0697  822.75597
  72.00000     -29.0696  824.20693
  72.50000     -29.0696  825.64021
  73.00000     -29.0696  827.05581
  73.50000     -29.0696  828.45373
  74.00000     -29.0696  829.83396
  74.50000     -29.0696  831.19652
  75.00000     -29.0696  832.54139
  75.50000     -29.0696  833.86859
  76.00000     -29.0696  835.17810
  76.50000     -29.0696  836.46994
  77.00000     -29.0695  837.74409
  77.50000     -29.0695  839.00056
  78.00000     -29.0695  840.23935
  78.50000     -29.0695  841.46047
  79.00000     -29.0695  842.66390
  79.50000     -29.0694  843.84965
  80.00000     -29.0694  845.01772
  80.50000     -29.0694  846.16810
  81.00000     -29.0694  847.30081
  81.50000     -29.0693  848.41584
  82.00000     -29.0693  849.51319
  82.50000     -29.0693  850.59285
  83.00000     -29.0692  851.65484
  83.50000     -29.0692  852.69915
  84.00000     -29.0691  853.72577
  84.50000     -29.0691  854.73471
  85.00000     -29.0690  855.72598
  86.00000     -29.0689  877.71598
  87.00000     -29.0699  877.93836
  88.00000     -29.0700  878.15959
  89.00000     -29.0700  878.37967
  90.00000     -29.0700  878.59860
  91.00000     -29.0700  878.81640
  92.00000     -29.0700  879.03307
  93.00000     -29.0700  879.24861
  94.00000     -29.0700  879.46304
  95.00000     -29.0700  879.67635
  96.00000     -29.0700  879.88856
  97.00000     -29.0700  880.09966
  98.00000     -29.0700  880.30967
  99.00000     -29.0700  880.51859
 100.00000     -29.0700  880.72643
 101.00000     -29.0700  880.93319
 102.00000     -29.0700  881.13887
 103.00000     -29.0700  881.34349
 104.00000     -29.0700  881.54704
 105.00000     -29.0700  881.74954
 106.00000     -29.0700  881.95099
 107.00000     -29.0700  882.15139
 108.00000     -29.0700  882.35075
 109.00000     -29.0700  882.54908
 110.00000     -29.0700  882.74638
 111.00000     -29.0700  882.94265
 112.00000     -29.0700  883.13791
 113.00000     -29.0700  883.33215
 114.00000     -29.0700  883.52539
 115.00000     -29.0700  883.71762
 116.00000     -29.0700  883.90885
 117.00000     -29.0700  884.09910
 118.00000     -29.0700  884.28835
 119.00000     -29.0700  884.47662
 120.00000     -29.0700  884.66392
 121.00000     -29.0700  884.85024
 122.00000     -29.0700  885.03560
 123.00000     -29.0700  885.22000
 124.00000     -29.0700  885.40344
 125.00000     -29.0700  885.58592
 126.00000     -29.0700  885.76746
 127.00000     -29.0700  885.94806
 128.00000     -29.0700  886.12772
 129.00000     -29.0700  886.30645
 130.00000     -29.0700  886.48425
 131.00000     -29.0700  886.66112
 132.00000     -29.0700  886.83708
 133.00000     -29.0700  887.01213
 134.00000     -29.0700  887.18627
 135.00000     -29.0700  887.35950
 136.00000     -29.0700  887.53184
 137.00000     -29.0700  887.70328
 138.00000     -29.0700  887.87383
 139.00000     -29.0700  888.04350
 140.00000     -29.0700  888.21228
 141.00000     -29.0700  888.38019
 142.00000     -29.0700  888.54723
 143.00000     -29.0700  888.71341
 144.00000     -29.0700  888.87871
 145.00000     -29.0700  889.04317
 146.00000     -29.0700  889.20677
 147.00000     -29.0700  889.36951
 148.00000     -29.0700  889.53142
 149.00000     -29.0700  889.69248
 150.00000     -29.0700  889.85271
 151.00000     -29.0700  890.01211
 152.00000     -29.0700  890.17068
 153.00000     -29.0700  890.32843
 154.00000     -29.0700  890.48536
 155.00000     -29.0700  890.64147
 156.00000     -29.0700  890.79678
 157.00000     -29.0700  890.95127
 158.00000     -29.0700  891.10497
 159.00000     -29.0700  891.25787
 160.00000     -29.0700  891.40997
 161.00000     -29.0700  891.56129
 162.00000     -29.0700  891.71182
 163.00000     -29.0700  891.86157
 164.00000     -29.0700  892.01054
 165.00000     -29.0700  892.15874
 166.00000     -29.0700  892.30617
 167.00000     -29.0700  892.45284
 168.00000     -29.0700  892.59874
 169.00000     -29.0700  892.74389
 170.00000     -29.0700  892.88829
 171.00000     -29.0700  893.03193
 172.00000     -29.0700  893.17483
 173.00000     -29.0700  893.31699
 174.00000     -29.0700  893.45841
 175.00000     -29.0700  893.59909
 176.00000     -29.0700  893.73905
 177.00000     -29.0700  893.87828
 178.00000     -29.0700  894.01679
 179.00000     -29.0700  894.15458
 180.00000     -29.0700  894.29165
 181.00000     -29.0700  894.42801
 182.00000     -29.0700  894.56367
 183.00000     -29.0700  894.69862
 184.00000     -29.0700  894.83287
 185.00000     -29.0700  894.96642
 186.00000     -29.0700  895.09928
 187.00000     -29.0700  895.23145
 188.00000     -29.0700  895.36294
 189.00000     -29.0700  895.49374
 190.00000     -29.0700  895.62386
 191.00000     -29.0700  895.75331
 192.00000     -29.0700  895.88209
 193.00000     -29.0700  896.01020
 194.00000     -29.0700  896.13764
 195.00000     -29.0700  896.26442
 196.00000     -29.0700  896.39055
 197.00000     -29.0700  896.51602
 198.00000     -29.0700  896.64084
 199.00000     -29.0700  896.76501
 200.00000     -29.0700  896.88854
 201.00000     -29.0700  897.01142
 202.00000     -29.0700  897.13367
 203.00000     -29.0700  897.25529
 204.00000     -29.0700  897.37627
 205.00000     -29.0700  897.49662
 206.00000     -29.0700  897.61635
 207.00000     -29.0700  897.73546
 208.00000     -29.0700  897.85395
 209.00000     -29.0700  897.97183
 210.00000     -29.0700  898.08909
 211.00000     -29.0700  898.20575
 212.00000     -29.0700  898.32180
 213.00000     -29.0700  898.43725
 214.00000     -29.0700  898.55210
 215.00000     -29.0700  898.66635
 216.00000     -29.0700  898.78001
 217.00000     -29.0700  898.89308
 218.00000     -29.0700  899.00556
 219.00000     -29.0700  899.11746
 220.00000     -29.0700  899.22878
 221.00000     -29.0700  899.33953
 222.00000     -29.0700  899.44969
 223.00000     -29.0700  899.55929
 224.00000     -29.0700  899.66831
 225.00000     -29.0700  899.77677
 226.00000     -29.0700  899.88467
 227.00000     -29.0700  899.99201
 228.00000     -29.0700  900.09879
 229.00000     -29.0700  900.20502
 230.00000     -29.0700  900.31069
 231.00000     -29.0700  900.41582
 232.00000     -29.0700  900.52040
 233.00000     -29.0700  900.62444
 234.00000     -29.0700  900.72794
 235.00000     -29.0700  900.83090
 236.00000     -29.0700  900.93333
 237.00000     -29.0700  901.03523
 238.00000     -29.0700  901.13659
 239.00000     -29.0700  901.23743
 240.00000     -29.0700  901.33775
 241.00000     -29.0700  901.43755
 242.00000     -29.0700  901.53683
 243.00000     -29.0700  901.63559
 244.00000     -29.0700  901.73385
 245.00000     -29.0700  901.83159
 246.00000     -29.0700  901.92882
 247.00000     -29.0700  902.02555
 248.00000     -29.0700  902.12178
 249.00000     -29.0700  902.21751
 250.00000     -29.0700  902.31274
 251.00000     -29.0700  902.40748
 252.00000     -29.0700  902.50172
 253.00000     -29.0700  902.59548
 254.00000     -29.0700  902.68875
 255.00000     -29.0700  902.78154
 256.00000     -29.0700  902.87384
 257.00000     -29.0700  902.96567
 258.00000     -29.0700  903.05702
 259.00000     -29.0700  903.14789
 260.00000     -29.0700  903.23830
 261.00000     -29.0700  903.32823
 262.00000     -29.0700  903.41770
 263.00000     -29.0700  903.50671
 264.00000     -29.0700  903.59525
 265.00000     -29.0700  903.68333
 266.00000     -29.0700  903.77095
 267.00000     -29.0700  903.85813
 268.00000     -29.0700  903.94484
 269.00000     -29.0700  904.03111
 270.00000     -29.0700  904.11693
 271.00000     -29.0700  904.20231
 272.00000     -29.0700  904.28724
 273.00000     -29.0700  904.37173
 274.00000     -29.0700  904.45578
 275.00000     -29.0700  904.53940
 276.00000     -29.0700  904.62258
 277.00000     -29.0700  904.70533
 278.00000     -29.0700  904.78766
 279.00000     -29.0700  904.86955
 280.00000     -29.0700  904.95102
 281.00000     -29.0700  905.03207
 282.00000     -29.0700  905.11269
 283.00000     -29.0700  905.19290
 284.00000     -29.0700  905.27269
 285.00000     -29.0700  905.35207
 286.00000     -29.0700  905.43104
 287.00000     -29.0700  905.50959
 288.00000     -29.0700  905.58774
 289.00000     -29.0700  905.66548
 290.00000     -29.0700  905.74282
 291.00000     -29.0700  905.81976
 292.00000     -29.0700  905.89630
 293.00000     -29.0700  905.97244
 294.00000     -29.0700  906.04819
 295.00000     -29.0700  906.12354
 296.00000     -29.0700  906.19850
 297.00000     -29.0700  906.27307
 298.00000     -29.0700  906.34726
 299.00000     -29.0700  906.42106
 300.00000     -29.0700  906.49448
 301.00000     -29.0700  906.56752
 302.00000     -29.0700  906.64018
 303.00000     -29.0700  906.71246
 304.00000     -29.0700  906.78436
 305.00000     -29.0700  906.85590
 306.00000     -29.0700  906.92706
 307.00000     -29.0700  906.99785
 308.00000     -29.0700  907.06828
 309.00000     -29.0700  907.13833
 310.00000     -29.0700  907.20803
 311.00000     -29.0700  907.27737
 312.00000     -29.0700  907.34634
 313.00000     -29.0700  907.41496
 314.00000     -29.0700  907.48322
 315.00000     -29.0700  907.55112
 316.00000     -29.0700  907.61868
 317.00000     -29.0700  907.68588
 318.00000     -29.0700  907.75274
 319.00000     -29.0700  907.81924
 320.00000     -29.0700  907.88541
 321.00000     -29.0700  907.95122
 322.00000     -29.0700  908.01670
 323.00000     -29.0700  908.08184
 324.00000     -29.0700  908.14664
 325.00000     -29.0700  908.21110
 326.00000     -29.0700  908.27523
 327.00000     -29.0700  908.33903
 328.00000     -29.0700  908.40249
 329.00000     -29.0700  908.46563
 330.00000     -29.0700  908.52844
 331.00000     -29.0700  908.59092
 332.00000     -29.0700  908.65308
 333.00000     -29.0700  908.71491
 334.00000     -29.0700  908.77643
 335.00000     -29.0700  908.83762
 336.00000     -29.0700  908.89850
 337.00000     -29.0700  908.95906
 338.00000     -29.0700  909.01931
 339.00000     -29.0700  909.07925
 340.00000     -29.0700  909.13887
 341.00000     -29.0700  909.19818
 342.00000     -29.0700  909.25719
 343.00000     -29.0700  909.31589
 344.00000     -29.0700  909.37429
 345.00000     -29.0700  909.43238
 346.00000     -29.0700  909.49017
 347.00000     -29.0700  909.54766
 348.00000     -29.0700  909.60486
 349.00000     -29.0700  909.66175
 350.00000     -29.0700  909.71835
 351.00000     -29.0700  909.77466
 352.00000     -29.0700  909.83068
 353.00000     -29.0700  909.88640
 354.00000     -29.0700  909.94184
 355.00000     -29.0700  909.99698
 356.00000     -29.0700  910.05185
 357.00000     -29.0700  910.10642
 358.00000     -29.0700  910.16072
 359.00000     -29.0700  910.21473
 360.00000     -29.0700  910.26846
 361.00000     -29.0700  910.32191
 362.00000     -29.0700  910.37509
 363.00000     -29.0700  910.42799
 364.00000     -29.0700  910.48061
 365.00000     -29.0700  910.53296
 366.00000     -29.0700  910.58504
 367.00000     -29.0700  910.63685
 368.00000     -29.0700  910.68839
 369.00000     -29.0700  910.73967
 370.00000     -29.0700  910.79067
 371.00000     -29.0700  910.84142
 372.00000     -29.0700  910.89190
 373.00000     -29.0700  910.94211
 374.00000     -29.0700  910.99207
 375.00000     -29.0700  911.04177
 376.00000     -29.0700  911.09121
 377.00000     -29.0700  911.14039
 378.00000     -29.0700  911.18932
 379.00000     -29.0700  911.23799
 380.00000     -29.0700  911.28641
 381.00000     -29.0700  911.33458
 382.00000     -29.0700  911.38250
 383.00000     -29.0700  911.43018
 384.00000     -29.0700  911.47760
 385.00000     -29.0700  911.52478
 386.00000     -29.0700  911.57171
 387.00000     -29.0700  911.61840
 388.00000     -29.0700  911.66485
 389.00000     -29.0700  911.71105
 390.00000     -29.0700  911.75702
 391.00000     -29.0700  911.80275
 392.00000     -29.0700  911.84824
 393.00000     -29.0700  911.89349
 394.00000     -29.0700  911.93851
 395.00000     -29.0700  911.98330
 396.00000     -29.0700  912.02785
 397.00000     -29.0700  912.07218
 398.00000     -29.0700  912.11627
 399.00000     -29.0700  912.16013
 400.00000     -29.0700  912.20377
 401.00000     -29.0700  912.24718
 402.00000     -29.0700  912.29036
 403.00000     -29.0700  912.33332
 404.00000     -29.0700  912.37606
 405.00000     -29.0700  912.41858
 406.00000     -29.0700  912.46087
 407.00000     -29.0700  912.50295
 408.00000     -29.0700  912.54480
 409.00000     -29.0700  912.58644
 410.00000     -29.0700  912.62787
 411.00000     -29.0700  912.66908
 412.00000     -29.0700  912.71007
 413.00000     -29.0700  912.75085
 414.00000     -29.0700  912.79142
 415.00000     -29.0700  912.83178
 416.00000     -29.0700  912.87193
 417.00000     -29.0700  912.91188
 418.00000     -29.0700  912.95161
 419.00000     -29.0700  912.99114
 420.00000     -29.0700  913.03046
 421.00000     -29.0700  913.06958
 422.00000     -29.0700  913.10850
 423.00000     -29.0700  913.14722
 424.00000     -29.0700  913.18573
 425.00000     -29.0700  913.22404
 426.00000     -29.0700  913.26216
 427.00000     -29.0700  913.30008
 428.00000     -29.0700  913.33780
 429.00000     -29.0700  913.37532
 430.00000     -29.0700  913.41265
 431.00000     -29.0700  913.44979
 432.00000     -29.0700  913.48673
 433.00000     -29.0700  913.52348
 434.00000     -29.0700  913.56004
 435.00000     -29.0700  913.59642
 436.00000     -29.0700  913.63260
 437.00000     -29.0700  913.66859
 438.00000     -29.0700  913.70440
 439.00000     -29.0700  913.74002
 440.00000     -29.0700  913.77546
 441.00000     -29.0700  913.81071
 442.00000     -29.0700  913.84579
 443.00000     -29.0700  913.88067
 444.00000     -29.0700  913.91538
 445.00000     -29.0700  913.94991
 446.00000     -29.0700  913.98426
 447.00000     -29.0700  914.01843
 448.00000     -29.0700  914.05242
 449.00000     -29.0700  914.08624
 450.00000     -29.0700  914.11988
 451.00000     -29.0700  914.15334
 452.00000     -29.0700  914.18664
 453.00000     -29.0700  914.21976
 454.00000     -29.0700  914.25270
 455.00000     -29.0700  914.28548
 456.00000     -29.0700  914.31809
 457.00000     -29.0700  914.35053
 458.00000     -29.0700  914.38279
 459.00000     -29.0700  914.41490
 460.00000     -29.0700  914.44683
 461.00000     -29.0700  914.47860
 462.00000     -29.0700  914.51021
 463.00000     -29.0700  914.54165
 464.00000     -29.0700  914.57292
 465.00000     -29.0700  914.60404
 466.00000     -29.0700  914.63499
 467.00000     -29.0700  914.66579
 468.00000     -29.0700  914.69642
 469.00000     -29.0700  914.72689
 470.00000     -29.0700  914.75721
 471.00000     -29.0700  914.78737
 472.00000     -29.0700  914.81737
 473.00000     -29.0700  914.84722
 474.00000     -29.0700  914.87691
 475.00000     -29.0700  914.90645
 476.00000     -29.0700  914.93583
 477.00000     -29.0700  914.96506
 478.00000     -29.0700  914.99414
 479.00000     -29.0700  915.02307
 480.00000     -29.0700  915.05185
 481.00000     -29.0700  915.08048
 482.00000     -29.0700  915.10896
 483.00000     -29.0700  915.13730
 484.00000     -29.0700  915.16548
 485.00000     -29.0700  915.19352
 486.00000     -29.0700  915.22142
 487.00000     -29.0700  915.24917
 488.00000     -29.0700  915.27678
 489.00000     -29.0700  915.30424
 490.00000     -29.0700  915.33156
 491.00000     -29.0700  915.35874
 492.00000     -29.0700  915.38577
 493.00000     -29.0700  915.41267
 494.00000     -29.0700  915.43943
 495.00000     -29.0700  915.46605
 496.00000     -29.0700  915.49253
 497.00000     -29.0700  915.51887
 498.00000     -29.0700  915.54508
 499.00000     -29.0700  915.57115
 500.00000     -29.0700  915.59708
 525.00000     -29.0700  916.20348
 550.00000     -29.0700  916.73592
 575.00000     -29.0700  917.20342
 600.00000     -29.0700  917.61390
 625.00000     -29.0700  917.97431
 650.00000     -29.0700  918.29077
 675.00000     -29.0700  918.56862
 700.00000     -29.0700  918.81259
 725.00000     -29.0700  919.02680
 750.00000     -29.0700  919.21489
 775.00000     -29.0700  919.38003
 800.00000     -29.0700  919.52503
 825.00000     -29.0700  919.65235
 850.00000     -29.0700  919.76414
 875.00000     -29.0700  919.86229
 900.00000     -29.0700  919.94847
 925.00000     -29.0700  920.02414
 950.00000     -29.0700  920.09059
 975.00000     -29.0700  920.14892
1000.00000     -29.0700  920.20014
1025.00000     -29.0700  920.24512
1050.00000     -29.0700  920.28461
1075.00000     -29.0700  920.31928
1100.00000     -29.0700  920.34973
1125.00000     -29.0700  920.37646
1150.00000     -29.0700  920.39993
1175.00000     -29.0700  920.42053
1200.00000     -29.0700  920.43863
1225.00000     -29.0700  920.45452
1250.00000     -29.0700  920.46847
1275.00000     -29.0700  920.48071
1300.00000     -29.0700  920.49147
1325.00000     -29.0700  920.50091
1350.00000     -29.0700  920.50920
1375.00000     -29.0700  920.51648
1400.00000     -29.0700  920.52287
1425.00000     -29.0700  920.52849
1450.00000     -29.0700  920.53341
1475.00000     -29.0700  920.53774
1500.00000     -29.0700  920.54154
1525.00000     -29.0700  920.54488
1550.00000     -29.0700  920.54780
1575.00000     -29.0700  920.55038
1600.00000     -29.0700  920.55263
1625.00000     -29.0700  920.55462
1650.00000     -29.0700  920.55636
1675.00000     -29.0700  920.55789
1700.00000     -29.0700  920.55923
1725.00000     -29.0700  920.56041
1750.00000     -29.0700  920.56144
1775.00000     -29.0700  920.56235
1800.00000     -29.0700  920.56315
1825.00000     -29.0700  920.56385
1850.00000     -29.0700  920.56446
1875.00000     -29.0700  920.56500
1900.00000     -29.0700  920.56548
1925.00000     -29.0700  920.56589
1950.00000     -29.0700  920.56626
1975.00000     -29.0700  920.56658
2000.00000     -29.0700  920.56686
2025.00000     -29.0700  920.56711
2050.00000     -29.0700  920.56732
2075.00000     -29.0700  920.56751
2100.00000     -29.0700  920.56768
2125.00000     -29.0700  920.56783
2150.00000     -29.0700  920.56796
2175.00000     -29.0700  920.56807
2200.00000     -29.0700  920.56817
2225.00000     -29.0700  920.56826
2250.00000     -29.0700  920.56834
2275.00000     -29.0700  920.56840
2300.00000     -29.0700  920.56846
2325.00000     -29.0700  920.56851
2350.00000     -29.0700  920.56856
2375.00000     -29.0700  920.56860
2400.00000     -29.0700  920.56863
2425.00000     -29.0700  920.56867
2450.00000     -29.0700  920.56869
2475.00000     -29.0700  920.56872
2500.00000     -29.0700  920.56874
2525.00000     -29.0700  920.56874
2550.00000     -29.0700  920.56874
2575.00000     -29.0700  920.56874
2600.00000     -29.0700  920.56874
2625.00000     -29.0700  920.56874
2650.00000     -29.0700  920.56874
2675.00000     -29.0700  920.56874
2700.00000     -29.0700  920.56874