     0.00   -17.16330    383.8300
     1.00   -22.78142    403.4434
     2.00   -26.69426    422.1515
     3.00   -29.03079    439.9543
     4.00   -30.24846    456.8519
     5.00   -30.77254    472.8442
     6.00   -30.91167    487.9313
     7.00   -30.86363    502.1131
     8.00   -30.74362    515.3897
     9.00   -30.61233    527.7610
    10.00   -30.49751    539.2270
    11.00   -30.40849    549.7878
    12.00   -30.34535    559.4433
    13.00   -30.30414    568.1935
    14.00   -30.27974    576.0385
    15.00   -30.26727    582.9782
    16.00   -30.26264    589.0127
    17.00   -30.26272    594.1419
    18.00   -30.26528    598.6658
    19.00   -30.26879    603.4775
    20.00   -30.27230    608.2588
    21.00   -30.27531    613.0097
    22.00   -30.27759    617.7301
    23.00   -30.27910    622.4201
    24.00   -30.27993    627.0796
    25.00   -30.28019    631.7088
    26.00   -30.28002    636.3074
    27.00   -30.27953    640.8757
    28.00   -30.27885    645.4135
    29.00   -30.27803    649.9209
    30.00   -30.27715    654.3978
    31.00   -30.27624    658.8443
    32.00   -30.27533    663.2604
    33.00   -30.27442    667.6460
    34.00   -30.27351    672.0012
    35.00   -30.27262    676.3260
    36.00   -30.27173    680.6203
    37.00   -30.27085    684.8842
    38.00   -30.26996    689.1176
    39.00   -30.26907    693.3206
    40.00   -30.26817    697.4932
    41.00   -30.26726    701.6353
    42.00   -30.26634    705.7470
    43.00   -30.26541    709.8283
    44.00   -30.26447    713.8792
    45.00   -30.26351    717.8995
    46.00   -30.26254    721.8895
    47.00   -30.26157    725.8490
    48.00   -30.26058    729.7781
    49.00   -30.25958    733.6768
    50.00   -30.25858    737.5450
    51.00   -30.25756    741.3828
    52.00   -30.25654    745.1901
    53.00   -30.25551    748.9670
    54.00   -30.25448    752.7135
    55.00   -30.25343    756.4295
    56.00   -30.25238    760.1152
    57.00   -30.25132    763.7703
    58.00   -30.25026    767.3950
    59.00   -30.24919    770.9893
    60.00   -30.24812    774.5532
    61.00   -30.24704    778.0866
    62.00   -30.24595    781.5896
    63.00   -30.24486    785.0622
    64.00   -30.24376    788.5043
    65.00   -30.24266    791.9159
    66.00   -30.24155    795.2972
    67.00   -30.24044    798.6480
    68.00   -30.23932    801.9684
    69.00   -30.23820    805.2583
    70.00   -30.23707    808.5178
    71.00   -30.23594    811.7469
    72.00   -30.23481    814.9455
    73.00   -30.23367    818.1137
    74.00   -30.23252    821.2514
    75.00   -30.23137    824.3587
    76.00   -30.23022    827.4356
    77.00   -30.22907    830.4476
    78.00   -30.22790    833.3622
    79.00   -30.22674    836.1826
    80.00   -30.22557    838.9120
    81.00   -30.22439    841.5531
    82.00   -30.22321    844.1089
    83.00   -30.22203    846.5821
    84.00   -30.22084    848.9755
    85.00   -30.21964    851.2915
    86.00   -30.21844    853.5326
    87.00   -30.21724    855.7014
    88.00   -30.21603    857.8001
    89.00   -30.21481    859.8310
    90.00   -30.21359    861.7962
    91.00   -30.21236    863.6980
    92.00   -30.21113    865.5383
    93.00   -30.20989    867.3192
    94.00   -30.20865    869.0425
    95.00   -30.20740    870.7102
    96.00   -30.20614    872.3239
    97.00   -30.20488    873.8856
    98.00   -30.20361    875.3967
    99.00   -30.20234    876.8591
   100.00   -30.20106    878.2742
   101.00   -30.19978    879.6436
   102.00   -30.19849    880.9687
   103.00   -30.19720    882.2510
   104.00   -30.19590    883.4919
   105.00   -30.19459    884.6927
   106.00   -30.19328    885.8547
   107.00   -30.19196    886.9792
   108.00   -30.19064    888.0673
   109.00   -30.18931    889.1203
   110.00   -30.18798    890.1392
   111.00   -30.18665    891.1253
   112.00   -30.18530    892.0795
   113.00   -30.18396    893.0028
   114.00   -30.18260    893.8963
   115.00   -30.18125    894.7609
   116.00   -30.17989    895.5977
   117.00   -30.17852    896.4073
   118.00   -30.17715    897.1908
   119.00   -30.17577    897.9490
   120.00   -30.17439    898.6827
   121.00   -30.17301    899.3927
   122.00   -30.17162    900.0798
   123.00   -30.17022    900.7447
   124.00   -30.16883    901.3880
   125.00   -30.16742    902.0106
   126.00   -30.16602    902.6131
   127.00   -30.16461    903.1961
   128.00   -30.16319    903.7603
   129.00   -30.16177    904.3062
   130.00   -30.16035    904.8345
   131.00   -30.15893    905.3458
   132.00   -30.15750    905.8405
   133.00   -30.15606    906.3192
   134.00   -30.15463    906.7825
   135.00   -30.15319    907.2308
   136.00   -30.15175    907.6646
   137.00   -30.15030    908.0844
   138.00   -30.14885    908.4907
   139.00   -30.14740    908.8838
   140.00   -30.14594    909.2642
   141.00   -30.14448    909.6323
   142.00   -30.14302    909.9885
   143.00   -30.14156    910.3332
   144.00   -30.14009    910.6668
   145.00   -30.13862    910.9896
   146.00   -30.13715    911.3020
   147.00   -30.13568    911.6043
   148.00   -30.13420    911.8968
   149.00   -30.13272    912.1798
   150.00   -30.13124    912.4538
   151.00   -30.12976    912.7188
   152.00   -30.12827    912.9753
   153.00   -30.12678    913.2235
   154.00   -30.12529    913.4637
   155.00   -30.12380    913.6962
   156.00   -30.12231    913.9211
   157.00   -30.12082    914.1388
   158.00   -30.11932    914.3494
   159.00   -30.11782    914.5532
   160.00   -30.11632    914.7504
   161.00   -30.11482    914.9413
   162.00   -30.11332    915.1260
   163.00   -30.11182    915.3047
   164.00   -30.11032    915.4777
   165.00   -30.10881    915.6451
   166.00   -30.10731    915.8070
   167.00   -30.10580    915.9637
   168.00   -30.10429    916.1154
   169.00   -30.10279    916.2622
   170.00   -30.10128    916.4042
   171.00   -30.09977    916.5416
   172.00   -30.09826    916.6746
   173.00   -30.09675    916.8033
   174.00   -30.09524    916.9278
   175.00   -30.09373    917.0484
   176.00   -30.09221    917.1650
   177.00   -30.09070    917.2778
   178.00   -30.08919    917.3870
   179.00   -30.08768    917.4927
   180.00   -30.08617    917.5950
   181.00   -30.08466    917.6939
   182.00   -30.08315    917.7897
   183.00   -30.08163    917.8824
   184.00   -30.08012    917.9720
   185.00   -30.07861    918.0588
   186.00   -30.07710    918.1428
   187.00   -30.07559    918.2240
   188.00   -30.07408    918.3027
   189.00   -30.07258    918.3788
   190.00   -30.07107    918.4524
   191.00   -30.06956    918.5237
   192.00   -30.06805    918.5926
   193.00   -30.06655    918.6593
   194.00   -30.06504    918.7239
   195.00   -30.06354    918.7864
   196.00   -30.06204    918.8468
   197.00   -30.06053    918.9054
   198.00   -30.05903    918.9620
   199.00   -30.05753    919.0168
   200.00   -30.05604    919.0698
   201.00   -30.05454    919.1211
   202.00   -30.05304    919.1708
   203.00   -30.05155    919.2188
   204.00   -30.05006    919.2653
   205.00   -30.04856    919.3103
   206.00   -30.04707    919.3538
   207.00   -30.04559    919.3960
   208.00   -30.04410    919.4367
   209.00   -30.04261    919.4762
   210.00   -30.04113    919.5144
   211.00   -30.03965    919.5513
   212.00   -30.03817    919.5871
   213.00   -30.03669    919.6216
   214.00   -30.03522    919.6551
   215.00   -30.03374    919.6875
   216.00   -30.03227    919.7189
   217.00   -30.03080    919.7492
   218.00   -30.02933    919.7786
   219.00   -30.02787    919.8070
   220.00   -30.02640    919.8345
   221.00   -30.02494    919.8611
   222.00   -30.02348    919.8868
   223.00   -30.02203    919.9117
   224.00   -30.02057    919.9358
   225.00   -30.01912    919.9592
   226.00   -30.01767    919.9817
   227.00   -30.01623    920.0036
   228.00   -30.01478    920.0247
   229.00   -30.01334    920.0452
   230.00   -30.01190    920.0650
   231.00   -30.01046    920.0841
   232.00   -30.00903    920.1027
   233.00   -30.00760    920.1206
   234.00   -30.00617    920.1379
   235.00   -30.00474    920.1547
   236.00   -30.00332    920.1710
   237.00   -30.00190    920.1867
   238.00   -30.00048    920.2019
   239.00   -29.99907    920.2167
   240.00   -29.99766    920.2309
   241.00   -29.99625    920.2447
   242.00   -29.99485    920.2581
   243.00   -29.99344    920.2710
   244.00   -29.99204    920.2835
   245.00   -29.99065    920.2956
   246.00   -29.98926    920.3073
   247.00   -29.98787    920.3186
   248.00   -29.98648    920.3296
   249.00   -29.98510    920.3402
   250.00   -29.98372    920.3504
   251.00   -29.98234    920.3604
   252.00   -29.98097    920.3700
   253.00   -29.97960    920.3793
   254.00   -29.97823    920.3883
   255.00   -29.97687    920.3970
   256.00   -29.97551    920.4054
   257.00   -29.97415    920.4136
   258.00   -29.97280    920.4215
   259.00   -29.97145    920.4291
   260.00   -29.97010    920.4365
   261.00   -29.96876    920.4436
   262.00   -29.96742    920.4506
   263.00   -29.96609    920.4573
   264.00   -29.96475    920.4637
   265.00   -29.96343    920.4700
   266.00   -29.96210    920.4761
   267.00   -29.96078    920.4820
   268.00   -29.95946    920.4876
   269.00   -29.95815    920.4931
   270.00   -29.95684    920.4985
   271.00   -29.95554    920.5036
   272.00   -29.95423    920.5086
   273.00   -29.95294    920.5134
   274.00   -29.95164    920.5181
   275.00   -29.95035    920.5226
   276.00   -29.94906    920.5270
   277.00   -29.94778    920.5312
   278.00   -29.94650    920.5353
   279.00   -29.94523    920.5392
   280.00   -29.94396    920.5431
   281.00   -29.94269    920.5468
   282.00   -29.94143    920.5504
   283.00   -29.94017    920.5538
   284.00   -29.93891    920.5572
   285.00   -29.93766    920.5604
   286.00   -29.93641    920.5636
   287.00   -29.93517    920.5666
   288.00   -29.93393    920.5696
   289.00   -29.93269    920.5724
   290.00   -29.93146    920.5752
   291.00   -29.93024    920.5779
   292.00   -29.92901    920.5804
   293.00   -29.92779    920.5829
   294.00   -29.92658    920.5854
   295.00   -29.92537    920.5877
   296.00   -29.92416    920.5900
   297.00   -29.92296    920.5922
   298.00   -29.92176    920.5943
   299.00   -29.92057    920.5963
   300.00   -29.91938    920.5983
   301.00   -29.91819    920.6003
   302.00   -29.91701    920.6021
   303.00   -29.91583    920.6039
   304.00   -29.91466    920.6057
   305.00   -29.91349    920.6073
   306.00   -29.91232    920.6090
   307.00   -29.91116    920.6105
   308.00   -29.91001    920.6121
   309.00   -29.90886    920.6136
   310.00   -29.90771    920.6150
   311.00   -29.90656    920.6164
   312.00   -29.90542    920.6177
   313.00   -29.90429    920.6190
   314.00   -29.90316    920.6203
   315.00   -29.90203    920.6215
   316.00   -29.90091    920.6226
   317.00   -29.89979    920.6238
   318.00   -29.89868    920.6249
   319.00   -29.89757    920.6259
   320.00   -29.89646    920.6270
   321.00   -29.89536    920.6280
   322.00   -29.89426    920.6289
   323.00   -29.89317    920.6299
   324.00   -29.89208    920.6308
   325.00   -29.89100    920.6317
   326.00   -29.88992    920.6325
   327.00   -29.88885    920.6333
   328.00   -29.88777    920.6341
   329.00   -29.88671    920.6349
   330.00   -29.88565    920.6356
   331.00   -29.88459    920.6363
   332.00   -29.88353    920.6370
   333.00   -29.88249    920.6377
   334.00   -29.88144    920.6384
   335.00   -29.88040    920.6390
   336.00   -29.87936    920.6396
   337.00   -29.87833    920.6402
   338.00   -29.87730    920.6407
   339.00   -29.87628    920.6413
   340.00   -29.87526    920.6418
   341.00   -29.87425    920.6424
   342.00   -29.87324    920.6429
   343.00   -29.87223    920.6433
   344.00   -29.87123    920.6438
   345.00   -29.87023    920.6443
   346.00   -29.86924    920.6447
   347.00   -29.86825    920.6451
   348.00   -29.86726    920.6455
   349.00   -29.86628    920.6459
   350.00   -29.86531    920.6463
   351.00   -29.86433    920.6467
   352.00   -29.86337    920.6470
   353.00   -29.86240    920.6474
   354.00   -29.86145    920.6477
   355.00   -29.86049    920.6481
   356.00   -29.85954    920.6484
   357.00   -29.85859    920.6487
   358.00   -29.85765    920.6490
   359.00   -29.85671    920.6493
   360.00   -29.85578    920.6495
   361.00   -29.85485    920.6498
   362.00   -29.85393    920.6501
   363.00   -29.85301    920.6503
   364.00   -29.85209    920.6506
   365.00   -29.85118    920.6508
   366.00   -29.85027    920.6510
   367.00   -29.84937    920.6512
   368.00   -29.84847    920.6515
   369.00   -29.84757    920.6517
   370.00   -29.84668    920.6519
   371.00   -29.84579    920.6521
   372.00   -29.84491    920.6522
   373.00   -29.84403    920.6524
   374.00   -29.84316    920.6526
   375.00   -29.84229    920.6528
   376.00   -29.84142    920.6529
   377.00   -29.84056    920.6531
   378.00   -29.83970    920.6532
   379.00   -29.83885    920.6534
   380.00   -29.83800    920.6535
   381.00   -29.83715    920.6537
   382.00   -29.83631    920.6538
   383.00   -29.83548    920.6539
   384.00   -29.83464    920.6541
   385.00   -29.83381    920.6542
   386.00   -29.83299    920.6543
   387.00   -29.83217    920.6544
   388.00   -29.83135    920.6545
   389.00   -29.83054    920.6546
   390.00   -29.82973    920.6547
   391.00   -29.82893    920.6548
   392.00   -29.82813    920.6549
   393.00   -29.82733    920.6550
   394.00   -29.82654    920.6551
   395.00   -29.82575    920.6552
   396.00   -29.82496    920.6553
   397.00   -29.82418    920.6554
   398.00   -29.82341    920.6554
   399.00   -29.82263    920.6555
   400.00   -29.82187    920.6556
   401.00   -29.82110    920.6557
   402.00   -29.82034    920.6557
   403.00   -29.81958    920.6558
   404.00   -29.81883    920.6559
   405.00   -29.81808    920.6559
   406.00   -29.81734    920.6560
   407.00   -29.81660    920.6561
   408.00   -29.81586    920.6561
   409.00   -29.81512    920.6562
   410.00   -29.81439    920.6562
   411.00   -29.81367    920.6563
   412.00   -29.81295    920.6563
   413.00   -29.81223    920.6564
   414.00   -29.81151    920.6564
   415.00   -29.81080    920.6565
   416.00   -29.81010    920.6565
   417.00   -29.80939    920.6566
   418.00   -29.80870    920.6566
   419.00   -29.80800    920.6566
   420.00   -29.80731    920.6567
   421.00   -29.80662    920.6567
   422.00   -29.80594    920.6567
   423.00   -29.80526    920.6568
   424.00   -29.80458    920.6568
   425.00   -29.80390    920.6568
   426.00   -29.80324    920.6569
   427.00   -29.80257    920.6569
   428.00   -29.80191    920.6569
   429.00   -29.80125    920.6570
   430.00   -29.80059    920.6570
   431.00   -29.79994    920.6570
   432.00   -29.79929    920.6571
   433.00   -29.79865    920.6571
   434.00   -29.79801    920.6571
   435.00   -29.79737    920.6571
   436.00   -29.79674    920.6571
   437.00   -29.79611    920.6572
   438.00   -29.79548    920.6572
   439.00   -29.79486    920.6572
   440.00   -29.79424    920.6572
   441.00   -29.79362    920.6572
   442.00   -29.79301    920.6573
   443.00   -29.79240    920.6573
   444.00   -29.79180    920.6573
   445.00   -29.79119    920.6573
   446.00   -29.79060    920.6573
   447.00   -29.79000    920.6574
   448.00   -29.78941    920.6574
   449.00   -29.78882    920.6574
   450.00   -29.78823    920.6574
   451.00   -29.78765    920.6574
   452.00   -29.78707    920.6574
   453.00   -29.78650    920.6574
   454.00   -29.78593    920.6575
   455.00   -29.78536    920.6575
   456.00   -29.78479    920.6575
   457.00   -29.78423    920.6575
   458.00   -29.78367    920.6575
   459.00   -29.78312    920.6575
   460.00   -29.78256    920.6575
   461.00   -29.78201    920.6575
   462.00   -29.78147    920.6575
   463.00   -29.78093    920.6575
   464.00   -29.78039    920.6576
   465.00   -29.77985    920.6576
   466.00   -29.77932    920.6576
   467.00   -29.77879    920.6576
   468.00   -29.77826    920.6576
   469.00   -29.77774    920.6576
   470.00   -29.77722    920.6576
   471.00   -29.77670    920.6576
   472.00   -29.77618    920.6576
   473.00   -29.77567    920.6576
   474.00   -29.77516    920.6576
   475.00   -29.77466    920.6576
   476.00   -29.77415    920.6576
   477.00   -29.77365    920.6577
   478.00   -29.77316    920.6577
   479.00   -29.77266    920.6577
   480.00   -29.77217    920.6577
   481.00   -29.77169    920.6577
   482.00   -29.77120    920.6577
   483.00   -29.77072    920.6577
   484.00   -29.77024    920.6577
   485.00   -29.76976    920.6577
   486.00   -29.76929    920.6577
   487.00   -29.76882    920.6577
   488.00   -29.76835    920.6577
   489.00   -29.76789    920.6577
   490.00   -29.76743    920.6577
   491.00   -29.76697    920.6577
   492.00   -29.76651    920.6577
   493.00   -29.76606    920.6577
   494.00   -29.76561    920.6577
   495.00   -29.76516    920.6577
   496.00   -29.76471    920.6577
   497.00   -29.76427    920.6577
   498.00   -29.76383    920.6577
   499.00   -29.76339    920.6577
   500.00   -29.76296    920.6577
   525.00   -29.75300    920.6578
   550.00   -29.74448    920.6578
   575.00   -29.73718    920.6578
   600.00   -29.73089    920.6578
   625.00   -29.72542    920.6578
   650.00   -29.72057    920.6578
   675.00   -29.71616    920.6578
   700.00   -29.71203    920.6578
   725.00   -29.70804    920.6578
   750.00   -29.70403    920.6578
   775.00   -29.69988    920.6578
   800.00   -29.69548    920.6578
   825.00   -29.69071    920.6578
   850.00   -29.68548    920.6578
   875.00   -29.67969    920.6578
   900.00   -29.67327    920.6578
   925.00   -29.66612    920.6578
   950.00   -29.65818    920.6578
   975.00   -29.64938    920.6578
  1000.00   -29.63964    920.6578
  1025.00   -29.62889    920.6578
  1050.00   -29.61708    920.6578
  1075.00   -29.60412    920.6578
  1100.00   -29.58996    920.6578
  1125.00   -29.57452    920.6578
  1150.00   -29.55773    920.6578
  1175.00   -29.53952    920.6578
  1200.00   -29.51981    920.6578
  1225.00   -29.49851    920.6578
  1250.00   -29.47555    920.6578
  1275.00   -29.45084    920.6578
  1300.00   -29.42428    920.6578
  1325.00   -29.39578    920.6578
  1350.00   -29.36524    920.6578
  1375.00   -29.33256    920.6578
  1400.00   -29.29762    920.6578
  1425.00   -29.26032    920.6578
  1450.00   -29.22053    920.6578
  1475.00   -29.17813    920.6578
  1500.00   -29.13301    920.6578
  1525.00   -29.08502    920.6578
  1550.00   -29.03403    920.6578
  1575.00   -28.97991    920.6578
  1600.00   -28.92251    920.6578
  1625.00   -28.86168    920.6578
  1650.00   -28.79728    920.6578
  1675.00   -28.72915    920.6578
  1700.00   -28.65714    920.6578
  1725.00   -28.58108    920.6578
  1750.00   -28.50081    920.6578
  1775.00   -28.41616    920.6578
  1800.00   -28.32697    920.6578
  1825.00   -28.23306    920.6578
  1850.00   -28.13426    920.6578
  1875.00   -28.03039    920.6578
  1900.00   -27.92128    920.6578
  1925.00   -27.80675    920.6578
  1950.00   -27.68661    920.6578
  1975.00   -27.56070    920.6578
  2000.00   -27.42881    920.6578
  2025.00   -27.29078    920.6578
  2050.00   -27.14643    920.6578
  2075.00   -26.99556    920.6578
  2100.00   -26.83801    920.6578
  2125.00   -26.67359    920.6578
  2150.00   -26.50213    920.6578
  2175.00   -26.32345    920.6578
  2200.00   -26.13738    920.6578
  2225.00   -25.94376    920.6578
  2250.00   -25.74241    920.6578
  2275.00   -25.53317    920.6578
  2300.00   -25.31590    920.6578
  2325.00   -25.09043    920.6578
  2350.00   -24.85662    920.6578
  2375.00   -24.61433    920.6578
  2400.00   -24.36342    920.6578
  2425.00   -24.10377    920.6578
  2450.00   -23.83526    920.6578
  2475.00   -23.55777    920.6578
  2500.00   -23.27120    920.6578
  2525.00   -22.97546    920.6578
  2550.00   -22.67046    920.6578
  2575.00   -22.35613    920.6578
  2600.00   -22.03240    920.6578
  2625.00   -21.69922    920.6578
  2650.00   -21.35655    920.6578
  2675.00   -21.00435    920.6578
  2700.00   -20.64262    920.6578
  2725.00   -20.27134    920.6578
  2750.00   -19.89053    920.6578
  2775.00   -19.50021    920.6578
  2800.00   -19.10042    920.6578
  2825.00   -18.69122    920.6578
  2850.00   -18.27266    920.6578
  2875.00   -17.84485    920.6578
  2900.00   -17.40787    920.6578
  2925.00   -16.96185    920.6578
  2950.00   -16.50692    920.6578
  2975.00   -16.04323    920.6578
  3000.00   -15.57095    920.6578
  3025.00   -15.09027    920.6578
  3050.00   -14.60139    920.6578
  3075.00   -14.10455    920.6578
  3100.00   -13.59997    920.6578
  3125.00   -13.08793    920.6578
  3150.00   -12.56870    920.6578
  3175.00   -12.04257    920.6578
  3200.00   -11.50988    920.6578
  3225.00   -10.97094    920.6578
  3250.00   -10.42612    920.6578
  3275.00    -9.87579    920.6578
  3300.00    -9.32033    920.6578
  3325.00    -8.76017    920.6578
  3350.00    -8.19572    920.6578
  3375.00    -7.62743    920.6578
  3400.00    -7.05576    920.6578
  3425.00    -6.48118    920.6578
  3450.00    -5.90419    920.6578
  3475.00    -5.32530    920.6578
  3500.00    -4.68500    920.6578
