1803.000	 -30.0670	-29.5642	 -30.5698
1805.000	 -30.0225	-29.5193	 -30.5257
1806.000	 -30.0240	-29.5246	 -30.5234
1809.000	 -30.0268	-29.5274	 -30.5261
1810.000	 -30.0357	-29.5364	 -30.5350
1811.000	 -30.0523	-29.5531	 -30.5515
1812.000	 -30.0581	-29.5589	 -30.5572
1813.000	 -30.0562	-29.5571	 -30.5554
1818.000	 -29.9705	-29.4716	 -30.4695
1819.000	 -29.9612	-29.4623	 -30.4601
1820.000	 -29.9540	-29.4551	 -30.4529
1821.000	 -29.9490	-29.4501	 -30.4479
1822.000	 -29.9447	-29.4458	 -30.4436
1823.000	 -29.9410	-29.4421	 -30.4399
1824.000	 -29.9385	-29.4397	 -30.4374
1825.000	 -29.9361	-29.4373	 -30.4350
1826.000	 -29.9349	-29.4360	 -30.4338
1827.000	 -29.9291	-29.4302	 -30.4279
1835.000	 -29.8723	-29.3734	 -30.3713
1836.000	 -29.8365	-29.3375	 -30.3355
1837.000	 -29.8181	-29.3191	 -30.3171
1838.000	 -29.8067	-29.3077	 -30.3057
1839.000	 -29.8036	-29.3046	 -30.3026
1840.000	 -29.8091	-29.3101	 -30.3080
1841.000	 -29.8124	-29.3135	 -30.3113
1842.000	 -29.8143	-29.3154	 -30.3131
1843.000	 -29.8158	-29.3169	 -30.3147
1844.000	 -29.8191	-29.3202	 -30.3179
1845.000	 -29.8220	-29.3231	 -30.3209
1846.000	 -29.8236	-29.3247	 -30.3225
1847.000	 -29.8308	-29.3319	 -30.3297
1848.000	 -29.8352	-29.3363	 -30.3340
1849.000	 -29.8371	-29.3382	 -30.3360
1850.000	 -29.8385	-29.3397	 -30.3374
1851.000	 -29.8404	-29.3415	 -30.3393
1852.000	 -29.8427	-29.3439	 -30.3415
1853.000	 -29.8478	-29.3490	 -30.3467
1854.000	 -29.8540	-29.3552	 -30.3528
1869.000	 -29.8915	-29.3931	 -30.3899
1870.000	 -29.8936	-29.3952	 -30.3920
1871.000	 -29.8994	-29.4010	 -30.3978
1872.000	 -29.8995	-29.4011	 -30.3979
1873.000	 -29.8932	-29.3948	 -30.3915
1874.000	 -29.8854	-29.3870	 -30.3837
1875.000	 -29.8741	-29.3758	 -30.3724
1876.000	 -29.8582	-29.3599	 -30.3564
1877.000	 -29.8424	-29.3442	 -30.3406
1878.000	 -29.8300	-29.3319	 -30.3282
1879.000	 -29.8188	-29.3206	 -30.3170
1880.000	 -29.8080	-29.3099	 -30.3062
1881.000	 -29.7956	-29.2974	 -30.2938
1882.000	 -29.7733	-29.2751	 -30.2716
1883.000	 -29.7395	-29.2412	 -30.2377
1884.000	 -29.7218	-29.2235	 -30.2201
1885.000	 -29.7170	-29.2187	 -30.2153
1886.000	 -29.7230	-29.2247	 -30.2213
1887.000	 -29.7412	-29.2429	 -30.2395
1888.000	 -29.7558	-29.2576	 -30.2541
1889.000	 -29.7565	-29.2582	 -30.2548
1890.000	 -29.7356	-29.2373	 -30.2339
1891.000	 -29.7205	-29.2221	 -30.2188
1892.000	 -29.7076	-29.2093	 -30.2059
1893.000	 -29.6988	-29.2005	 -30.1971
1894.000	 -29.6922	-29.1939	 -30.1906
1895.000	 -29.6849	-29.1865	 -30.1832
1896.000	 -29.6787	-29.1803	 -30.1771
1897.000	 -29.6675	-29.1690	 -30.1659
1898.000	 -29.6513	-29.1528	 -30.1499
1899.000	 -29.6399	-29.1413	 -30.1384
1900.000	 -29.6393	-29.1407	 -30.1379
1901.000	 -29.6531	-29.1544	 -30.1517
1902.000	 -29.6693	-29.1707	 -30.1679
1903.000	 -29.6946	-29.1959	 -30.1932
1904.000	 -29.7307	-29.2321	 -30.2294
1905.000	 -29.7880	-29.2892	 -30.2867
1906.000	 -29.8470	-29.3482	 -30.3458
1907.000	 -29.8899	-29.3911	 -30.3886
1908.000	 -29.9126	-29.4138	 -30.4113
1909.000	 -29.9248	-29.4261	 -30.4235
1937.000	 -30.1166	-29.6186	 -30.6145
1938.000	 -30.1052	-29.6075	 -30.6030
1939.000	 -30.1163	-29.6188	 -30.6139
1940.000	 -30.1602	-29.6629	 -30.6575
1941.000	 -30.2083	-29.7113	 -30.7052
1942.000	 -30.2590	-29.7623	 -30.7557
1943.000	 -30.3413	-29.8451	 -30.8376
1944.000	 -30.4445	-29.9487	 -30.9404
1945.000	 -30.5230	-30.0277	 -31.0183
1946.000	 -30.5725	-30.0776	 -31.0674
1947.000	 -30.6155	-30.1212	 -31.1097
1948.000	 -30.6452	-30.1517	 -31.1387
1949.000	 -30.6407	-30.1478	 -31.1336
1950.000	 -30.6327	-30.1407	 -31.1248
1951.000	 -30.6186	-30.1274	 -31.1098
1952.000	 -30.6081	-30.1177	 -31.0986
1953.000	 -30.6339	-30.1445	 -31.1233
1954.000	 -30.6960	-30.2078	 -31.1842
1955.000	 -30.7613	-30.2743	 -31.2484
1956.000	 -30.7892	-30.3031	 -31.2753
1957.000	 -30.8070	-30.3222	 -31.2918
1958.000	 -30.7910	-30.3075	 -31.2745
1959.000	 -30.7689	-30.2868	 -31.2511
1960.000	 -30.7669	-30.2861	 -31.2477
1961.000	 -30.7678	-30.2882	 -31.2475
1962.000	 -30.8139	-30.3356	 -31.2921
1963.000	 -30.8461	-30.3695	 -31.3228
1964.000	 -30.8650	-30.3902	 -31.3399
1965.000	 -30.8734	-30.4002	 -31.3467
1966.000	 -30.8359	-30.3641	 -31.3077
1967.000	 -30.8044	-30.3338	 -31.2751
1968.000	 -30.7935	-30.3241	 -31.2628
1969.000	 -30.7974	-30.3293	 -31.2656
1970.000	 -30.7372	-30.2700	 -31.2044
1971.000	 -30.6323	-30.1663	 -31.0983
1972.000	 -30.5207	-30.0557	 -30.9857
1973.000	 -30.4511	-29.9870	 -30.9152
1974.000	 -30.3616	-29.8983	 -30.8250
1975.000	 -30.2665	-29.8040	 -30.7291
1976.000	 -30.1033	-29.6416	 -30.5650
1977.000	 -29.9455	-29.4847	 -30.4062
1978.000	 -29.7724	-29.3128	 -30.2321
1979.000	 -29.5918	-29.1335	 -30.0501
1980.000	 -29.4037	-28.9468	 -29.8605
1981.000	 -29.2299	-28.7746	 -29.6851
1982.000	 -29.0684	-28.6153	 -29.5216
1983.000	 -28.8750	-28.4242	 -29.3258
1984.000	 -28.7329	-28.2846	 -29.1812
1985.000	 -28.5886	-28.1432	 -29.0340
1986.000	 -28.4546	-28.0125	 -28.8967
1987.000	 -28.3764	-27.9376	 -28.8151
1988.000	 -28.3245	-27.8889	 -28.7601
1989.000	 -28.3027	-27.8706	 -28.7348
1990.000	 -28.3185	-27.8901	 -28.7469
1991.000	 -28.3753	-27.9504	 -28.8002
1992.000	 -28.4848	-28.0635	 -28.9061
1993.000	 -28.6234	-28.2060	 -29.0408
1994.000	 -28.7750	-28.3619	 -29.1881
1995.000	 -28.9761	-28.5682	 -29.3840
1996.000	 -29.1919	-28.7893	 -29.5944
1997.000	 -29.4266	-29.0311	 -29.8222
1998.000	 -29.6500	-29.2631	 -30.0369
1999.000	 -29.8396	-29.4634	 -30.2158
2000.000	 -30.0101	-29.6460	 -30.3741
2001.000	 -30.1481	-29.7964	 -30.4998
2002.000	 -30.1599	-29.8208	 -30.4991
2003.000	 -30.0471	-29.7233	 -30.3709
2004.000	 -29.7209	-29.4206	 -30.0212
2005.000	 -29.1034	-28.8355	 -29.3713
2006.000	 -28.5279	-28.2896	 -28.7662
2007.000	 -28.8714	-28.6993	 -29.0435
2008.000	 -29.1325	-28.8969	 -29.3681
2009.000	 -29.1325	-28.8969	 -29.3681
