     0.00   -39.94859    349.9839
     0.50   -37.84783    356.7766
     1.00   -35.83774    363.5684
     1.50   -33.96683    370.3590
     2.00   -32.27948    377.1482
     2.50   -30.81082    383.9357
     3.00   -29.58146    390.7210
     3.50   -28.59589    397.5035
     4.00   -27.84371    404.2826
     4.50   -27.30289    411.0576
     5.00   -26.94397    417.8274
     5.50   -26.73411    424.5908
     6.00   -26.64058    431.3462
     6.50   -26.63319    438.0917
     7.00   -26.68576    444.8250
     7.50   -26.77679    451.5430
     8.00   -26.88942    458.2423
     8.50   -27.01110    464.9182
     9.00   -27.13293    471.5651
     9.50   -27.24907    478.1762
    10.00   -27.35601    484.7427
    10.50   -27.45199    491.2540
    11.00   -27.53652    497.6970
    11.50   -27.60995    504.0551
    12.00   -27.67314    510.3080
    12.50   -27.72724    516.4305
    13.00   -27.77353    522.3913
    13.50   -27.81327    528.1517
    14.00   -27.84765    533.6635
    14.50   -27.87776    538.8671
    15.00   -27.90454    543.6886
    15.50   -27.92880    548.0364
    16.00   -27.95120    551.7969
    16.50   -27.97230    555.2104
    17.00   -27.99249    558.6062
    17.50   -28.01207    561.9843
    18.00   -28.03126    565.3448
    18.50   -28.05020    568.6876
    19.00   -28.06901    572.0127
    19.50   -28.08773    575.3201
    20.00   -28.10639    578.6099
    20.50   -28.12500    581.8819
    21.00   -28.14353    585.1363
    21.50   -28.16196    588.3730
    22.00   -28.18026    591.5920
    22.50   -28.19838    594.7934
    23.00   -28.21629    597.9770
    23.50   -28.23396    601.1430
    24.00   -28.25136    604.2913
    24.50   -28.26845    607.4219
    25.00   -28.28520    610.5348
    25.50   -28.30161    613.6301
    26.00   -28.31766    616.7077
    26.50   -28.33333    619.7676
    27.00   -28.34862    622.8098
    27.50   -28.36352    625.8343
    28.00   -28.37803    628.8412
    28.50   -28.39216    631.8303
    29.00   -28.40591    634.8018
    29.50   -28.41929    637.7556
    30.00   -28.43229    640.6918
    30.50   -28.44494    643.6102
    31.00   -28.45723    646.5110
    31.50   -28.46919    649.3941
    32.00   -28.48081    652.2595
    32.50   -28.49212    655.1072
    33.00   -28.50311    657.9373
    33.50   -28.51381    660.7496
    34.00   -28.52423    663.5443
    34.50   -28.53436    666.3213
    35.00   -28.54423    669.0806
    35.50   -28.55385    671.8223
    36.00   -28.56321    674.5462
    36.50   -28.57234    677.2525
    37.00   -28.58124    679.9411
    37.50   -28.58992    682.6120
    38.00   -28.59839    685.2653
    38.50   -28.60665    687.9008
    39.00   -28.61471    690.5187
    39.50   -28.62259    693.1189
    40.00   -28.63028    695.7014
    40.50   -28.63780    698.2663
    41.00   -28.64515    700.8134
    41.50   -28.65233    703.3429
    42.00   -28.65935    705.8547
    42.50   -28.66623    708.3488
    43.00   -28.67295    710.8253
    43.50   -28.67953    713.2840
    44.00   -28.68598    715.7251
    44.50   -28.69229    718.1485
    45.00   -28.69847    720.5542
    45.50   -28.70452    722.9422
    46.00   -28.71046    725.3126
    46.50   -28.71628    727.6652
    47.00   -28.72198    730.0002
    47.50   -28.72758    732.3175
    48.00   -28.73307    734.6172
    48.50   -28.73845    736.8991
    49.00   -28.74373    739.1634
    49.50   -28.74892    741.4100
    50.00   -28.75401    743.6389
    50.50   -28.75901    745.8501
    51.00   -28.76392    748.0436
    51.50   -28.76875    750.2195
    52.00   -28.77348    752.3777
    52.50   -28.77814    754.5182
    53.00   -28.78271    756.6410
    53.50   -28.78721    758.7462
    54.00   -28.79163    760.8336
    54.50   -28.79597    762.9034
    55.00   -28.80025    764.9555
    55.50   -28.80445    766.9899
    56.00   -28.80858    769.0067
    56.50   -28.81264    771.0057
    57.00   -28.81664    772.9871
    57.50   -28.82057    774.9508
    58.00   -28.82444    776.8968
    58.50   -28.82824    778.8251
    59.00   -28.83198    780.7358
    59.50   -28.83567    782.6288
    60.00   -28.83929    784.5041
    60.50   -28.84286    786.3617
    61.00   -28.84637    788.2016
    61.50   -28.84983    790.0239
    62.00   -28.85323    791.8284
    62.50   -28.85658    793.6153
    63.00   -28.85987    795.3845
    63.50   -28.86312    797.1361
    64.00   -28.86631    798.8699
    64.50   -28.86946    800.5861
    65.00   -28.87255    802.2846
    65.50   -28.87560    803.9654
    66.00   -28.87860    805.6285
    66.50   -28.88155    807.2739
    67.00   -28.88446    808.9017
    67.50   -28.88732    810.5118
    68.00   -28.89014    812.1042
    68.50   -28.89291    813.6789
    69.00   -28.89565    815.2360
    69.50   -28.89834    816.7753
    70.00   -28.90099    818.2970
    70.50   -28.90359    819.8010
    71.00   -28.90616    821.2873
    71.50   -28.90869    822.7560
    72.00   -28.91118    824.2069
    72.50   -28.91363    825.6402
    73.00   -28.91604    827.0558
    73.50   -28.91841    828.4537
    74.00   -28.92075    829.8340
    74.50   -28.92306    831.1965
    75.00   -28.92532    832.5414
    75.50   -28.92756    833.8686
    76.00   -28.92975    835.1781
    76.50   -28.93192    836.4699
    77.00   -28.93405    837.7441
    77.50   -28.93614    839.0006
    78.00   -28.93821    840.2394
    78.50   -28.94024    841.4605
    79.00   -28.94224    842.6639
    79.50   -28.94421    843.8496
    80.00   -28.94615    845.0177
    80.50   -28.94806    846.1681
    81.00   -28.94994    847.3008
    81.50   -28.95179    848.4158
    82.00   -28.95362    849.5132
    82.50   -28.95541    850.5929
    83.00   -28.95718    851.6548
    83.50   -28.95892    852.6991
    84.00   -28.96063    853.7258
    84.50   -28.96232    854.7347
    85.00   -28.96398    855.7260
    86.00   -28.96720    877.7160
    87.00   -28.97032    877.9384
    88.00   -28.97334    878.1596
    89.00   -28.97627    878.3797
    90.00   -28.97912    878.5986
    91.00   -28.98188    878.8164
    92.00   -28.98455    879.0331
    93.00   -28.98715    879.2486
    94.00   -28.98967    879.4630
    95.00   -28.99211    879.6764
    96.00   -28.99448    879.8886
    97.00   -28.99678    880.0997
    98.00   -28.99902    880.3097
    99.00   -29.00119    880.5186
   100.00   -29.00329    880.7264
   101.00   -29.00534    880.9332
   102.00   -29.00733    881.1389
   103.00   -29.00926    881.3435
   104.00   -29.01114    881.5470
   105.00   -29.01296    881.7495
   106.00   -29.01474    881.9510
   107.00   -29.01647    882.1514
   108.00   -29.01815    882.3508
   109.00   -29.01979    882.5491
   110.00   -29.02138    882.7464
   111.00   -29.02293    882.9427
   112.00   -29.02445    883.1379
   113.00   -29.02593    883.3322
   114.00   -29.02737    883.5254
   115.00   -29.02877    883.7176
   116.00   -29.03015    883.9089
   117.00   -29.03149    884.0991
   118.00   -29.03280    884.2884
   119.00   -29.03408    884.4766
   120.00   -29.03534    884.6639
   121.00   -29.03657    884.8502
   122.00   -29.03777    885.0356
   123.00   -29.03894    885.2200
   124.00   -29.04010    885.4034
   125.00   -29.04123    885.5859
   126.00   -29.04234    885.7675
   127.00   -29.04342    885.9481
   128.00   -29.04449    886.1277
   129.00   -29.04554    886.3064
   130.00   -29.04657    886.4842
   131.00   -29.04758    886.6611
   132.00   -29.04857    886.8371
   133.00   -29.04954    887.0121
   134.00   -29.05050    887.1863
   135.00   -29.05145    887.3595
   136.00   -29.05238    887.5318
   137.00   -29.05329    887.7033
   138.00   -29.05419    887.8738
   139.00   -29.05507    888.0435
   140.00   -29.05595    888.2123
   141.00   -29.05680    888.3802
   142.00   -29.05765    888.5472
   143.00   -29.05848    888.7134
   144.00   -29.05930    888.8787
   145.00   -29.06011    889.0432
   146.00   -29.06091    889.2068
   147.00   -29.06169    889.3695
   148.00   -29.06247    889.5314
   149.00   -29.06323    889.6925
   150.00   -29.06398    889.8527
   151.00   -29.06472    890.0121
   152.00   -29.06545    890.1707
   153.00   -29.06617    890.3284
   154.00   -29.06687    890.4854
   155.00   -29.06757    890.6415
   156.00   -29.06826    890.7968
   157.00   -29.06893    890.9513
   158.00   -29.06960    891.1050
   159.00   -29.07026    891.2579
   160.00   -29.07090    891.4100
   161.00   -29.07154    891.5613
   162.00   -29.07216    891.7118
   163.00   -29.07278    891.8616
   164.00   -29.07338    892.0105
   165.00   -29.07398    892.1587
   166.00   -29.07456    892.3062
   167.00   -29.07514    892.4528
   168.00   -29.07570    892.5987
   169.00   -29.07626    892.7439
   170.00   -29.07680    892.8883
   171.00   -29.07734    893.0319
   172.00   -29.07786    893.1748
   173.00   -29.07838    893.3170
   174.00   -29.07888    893.4584
   175.00   -29.07938    893.5991
   176.00   -29.07987    893.7390
   177.00   -29.08034    893.8783
   178.00   -29.08081    894.0168
   179.00   -29.08126    894.1546
   180.00   -29.08171    894.2916
   181.00   -29.08214    894.4280
   182.00   -29.08257    894.5637
   183.00   -29.08298    894.6986
   184.00   -29.08339    894.8329
   185.00   -29.08379    894.9664
   186.00   -29.08417    895.0993
   187.00   -29.08455    895.2315
   188.00   -29.08492    895.3629
   189.00   -29.08527    895.4937
   190.00   -29.08562    895.6239
   191.00   -29.08596    895.7533
   192.00   -29.08629    895.8821
   193.00   -29.08660    896.0102
   194.00   -29.08691    896.1376
   195.00   -29.08721    896.2644
   196.00   -29.08750    896.3905
   197.00   -29.08778    896.5160
   198.00   -29.08805    896.6408
   199.00   -29.08831    896.7650
   200.00   -29.08856    896.8885
   201.00   -29.08880    897.0114
   202.00   -29.08904    897.1337
   203.00   -29.08926    897.2553
   204.00   -29.08948    897.3763
   205.00   -29.08968    897.4966
   206.00   -29.08988    897.6164
   207.00   -29.09007    897.7355
   208.00   -29.09025    897.8540
   209.00   -29.09042    897.9718
   210.00   -29.09058    898.0891
   211.00   -29.09073    898.2057
   212.00   -29.09088    898.3218
   213.00   -29.09101    898.4372
   214.00   -29.09114    898.5521
   215.00   -29.09126    898.6664
   216.00   -29.09137    898.7800
   217.00   -29.09148    898.8931
   218.00   -29.09157    899.0056
   219.00   -29.09166    899.1175
   220.00   -29.09174    899.2288
   221.00   -29.09181    899.3395
   222.00   -29.09188    899.4497
   223.00   -29.09193    899.5593
   224.00   -29.09199    899.6683
   225.00   -29.09203    899.7768
   226.00   -29.09206    899.8847
   227.00   -29.09209    899.9920
   228.00   -29.09212    900.0988
   229.00   -29.09213    900.2050
   230.00   -29.09214    900.3107
   231.00   -29.09214    900.4158
   232.00   -29.09214    900.5204
   233.00   -29.09213    900.6244
   234.00   -29.09211    900.7279
   235.00   -29.09209    900.8309
   236.00   -29.09206    900.9333
   237.00   -29.09203    901.0352
   238.00   -29.09199    901.1366
   239.00   -29.09194    901.2374
   240.00   -29.09189    901.3378
   241.00   -29.09183    901.4375
   242.00   -29.09177    901.5368
   243.00   -29.09170    901.6356
   244.00   -29.09163    901.7338
   245.00   -29.09155    901.8316
   246.00   -29.09147    901.9288
   247.00   -29.09139    902.0256
   248.00   -29.09129    902.1218
   249.00   -29.09120    902.2175
   250.00   -29.09110    902.3127
   251.00   -29.09099    902.4075
   252.00   -29.09089    902.5017
   253.00   -29.09077    902.5955
   254.00   -29.09066    902.6888
   255.00   -29.09054    902.7815
   256.00   -29.09041    902.8738
   257.00   -29.09029    902.9657
   258.00   -29.09016    903.0570
   259.00   -29.09002    903.1479
   260.00   -29.08989    903.2383
   261.00   -29.08975    903.3282
   262.00   -29.08960    903.4177
   263.00   -29.08946    903.5067
   264.00   -29.08931    903.5952
   265.00   -29.08916    903.6833
   266.00   -29.08900    903.7710
   267.00   -29.08885    903.8581
   268.00   -29.08869    903.9448
   269.00   -29.08852    904.0311
   270.00   -29.08836    904.1169
   271.00   -29.08820    904.2023
   272.00   -29.08803    904.2872
   273.00   -29.08786    904.3717
   274.00   -29.08769    904.4558
   275.00   -29.08751    904.5394
   276.00   -29.08734    904.6226
   277.00   -29.08716    904.7053
   278.00   -29.08698    904.7877
   279.00   -29.08680    904.8696
   280.00   -29.08662    904.9510
   281.00   -29.08644    905.0321
   282.00   -29.08626    905.1127
   283.00   -29.08607    905.1929
   284.00   -29.08589    905.2727
   285.00   -29.08570    905.3521
   286.00   -29.08552    905.4310
   287.00   -29.08533    905.5096
   288.00   -29.08514    905.5877
   289.00   -29.08495    905.6655
   290.00   -29.08476    905.7428
   291.00   -29.08457    905.8198
   292.00   -29.08438    905.8963
   293.00   -29.08419    905.9724
   294.00   -29.08400    906.0482
   295.00   -29.08381    906.1235
   296.00   -29.08362    906.1985
   297.00   -29.08343    906.2731
   298.00   -29.08324    906.3473
   299.00   -29.08304    906.4211
   300.00   -29.08285    906.4945
   301.00   -29.08266    906.5675
   302.00   -29.08247    906.6402
   303.00   -29.08228    906.7125
   304.00   -29.08209    906.7844
   305.00   -29.08190    906.8559
   306.00   -29.08171    906.9271
   307.00   -29.08152    906.9979
   308.00   -29.08133    907.0683
   309.00   -29.08115    907.1383
   310.00   -29.08096    907.2080
   311.00   -29.08077    907.2774
   312.00   -29.08058    907.3463
   313.00   -29.08040    907.4150
   314.00   -29.08021    907.4832
   315.00   -29.08003    907.5511
   316.00   -29.07985    907.6187
   317.00   -29.07966    907.6859
   318.00   -29.07948    907.7527
   319.00   -29.07930    907.8192
   320.00   -29.07912    907.8854
   321.00   -29.07894    907.9512
   322.00   -29.07877    908.0167
   323.00   -29.07859    908.0818
   324.00   -29.07842    908.1466
   325.00   -29.07824    908.2111
   326.00   -29.07807    908.2752
   327.00   -29.07790    908.3390
   328.00   -29.07773    908.4025
   329.00   -29.07756    908.4656
   330.00   -29.07739    908.5284
   331.00   -29.07722    908.5909
   332.00   -29.07705    908.6531
   333.00   -29.07689    908.7149
   334.00   -29.07673    908.7764
   335.00   -29.07656    908.8376
   336.00   -29.07640    908.8985
   337.00   -29.07624    908.9591
   338.00   -29.07609    909.0193
   339.00   -29.07593    909.0792
   340.00   -29.07577    909.1389
   341.00   -29.07562    909.1982
   342.00   -29.07547    909.2572
   343.00   -29.07532    909.3159
   344.00   -29.07517    909.3743
   345.00   -29.07502    909.4324
   346.00   -29.07487    909.4902
   347.00   -29.07473    909.5477
   348.00   -29.07458    909.6049
   349.00   -29.07444    909.6618
   350.00   -29.07430    909.7184
   351.00   -29.07416    909.7747
   352.00   -29.07402    909.8307
   353.00   -29.07389    909.8864
   354.00   -29.07375    909.9418
   355.00   -29.07362    909.9970
   356.00   -29.07349    910.0518
   357.00   -29.07336    910.1064
   358.00   -29.07323    910.1607
   359.00   -29.07310    910.2147
   360.00   -29.07298    910.2685
   361.00   -29.07285    910.3219
   362.00   -29.07273    910.3751
   363.00   -29.07261    910.4280
   364.00   -29.07249    910.4806
   365.00   -29.07237    910.5330
   366.00   -29.07225    910.5850
   367.00   -29.07214    910.6369
   368.00   -29.07202    910.6884
   369.00   -29.07191    910.7397
   370.00   -29.07180    910.7907
   371.00   -29.07169    910.8414
   372.00   -29.07158    910.8919
   373.00   -29.07148    910.9421
   374.00   -29.07137    910.9921
   375.00   -29.07127    911.0418
   376.00   -29.07116    911.0912
   377.00   -29.07106    911.1404
   378.00   -29.07096    911.1893
   379.00   -29.07087    911.2380
   380.00   -29.07077    911.2864
   381.00   -29.07067    911.3346
   382.00   -29.07058    911.3825
   383.00   -29.07049    911.4302
   384.00   -29.07040    911.4776
   385.00   -29.07031    911.5248
   386.00   -29.07022    911.5717
   387.00   -29.07013    911.6184
   388.00   -29.07005    911.6648
   389.00   -29.06996    911.7111
   390.00   -29.06988    911.7570
   391.00   -29.06980    911.8027
   392.00   -29.06972    911.8482
   393.00   -29.06964    911.8935
   394.00   -29.06956    911.9385
   395.00   -29.06948    911.9833
   396.00   -29.06941    912.0279
   397.00   -29.06934    912.0722
   398.00   -29.06926    912.1163
   399.00   -29.06919    912.1601
   400.00   -29.06912    912.2038
   401.00   -29.06905    912.2472
   402.00   -29.06898    912.2904
   403.00   -29.06892    912.3333
   404.00   -29.06885    912.3761
   405.00   -29.06879    912.4186
   406.00   -29.06872    912.4609
   407.00   -29.06866    912.5029
   408.00   -29.06860    912.5448
   409.00   -29.06854    912.5864
   410.00   -29.06848    912.6279
   411.00   -29.06843    912.6691
   412.00   -29.06837    912.7101
   413.00   -29.06831    912.7509
   414.00   -29.06826    912.7914
   415.00   -29.06821    912.8318
   416.00   -29.06815    912.8719
   417.00   -29.06810    912.9119
   418.00   -29.06805    912.9516
   419.00   -29.06800    912.9911
   420.00   -29.06795    913.0305
   421.00   -29.06791    913.0696
   422.00   -29.06786    913.1085
   423.00   -29.06781    913.1472
   424.00   -29.06777    913.1857
   425.00   -29.06773    913.2240
   426.00   -29.06768    913.2622
   427.00   -29.06764    913.3001
   428.00   -29.06760    913.3378
   429.00   -29.06756    913.3753
   430.00   -29.06752    913.4127
   431.00   -29.06748    913.4498
   432.00   -29.06745    913.4867
   433.00   -29.06741    913.5235
   434.00   -29.06737    913.5600
   435.00   -29.06734    913.5964
   436.00   -29.06730    913.6326
   437.00   -29.06727    913.6686
   438.00   -29.06724    913.7044
   439.00   -29.06721    913.7400
   440.00   -29.06717    913.7755
   441.00   -29.06714    913.8107
   442.00   -29.06711    913.8458
   443.00   -29.06708    913.8807
   444.00   -29.06706    913.9154
   445.00   -29.06703    913.9499
   446.00   -29.06700    913.9843
   447.00   -29.06698    914.0184
   448.00   -29.06695    914.0524
   449.00   -29.06693    914.0862
   450.00   -29.06690    914.1199
   451.00   -29.06688    914.1533
   452.00   -29.06685    914.1866
   453.00   -29.06683    914.2198
   454.00   -29.06681    914.2527
   455.00   -29.06679    914.2855
   456.00   -29.06677    914.3181
   457.00   -29.06675    914.3505
   458.00   -29.06673    914.3828
   459.00   -29.06671    914.4149
   460.00   -29.06669    914.4468
   461.00   -29.06667    914.4786
   462.00   -29.06666    914.5102
   463.00   -29.06664    914.5416
   464.00   -29.06662    914.5729
   465.00   -29.06661    914.6040
   466.00   -29.06659    914.6350
   467.00   -29.06658    914.6658
   468.00   -29.06656    914.6964
   469.00   -29.06655    914.7269
   470.00   -29.06654    914.7572
   471.00   -29.06652    914.7874
   472.00   -29.06651    914.8174
   473.00   -29.06650    914.8472
   474.00   -29.06649    914.8769
   475.00   -29.06648    914.9064
   476.00   -29.06647    914.9358
   477.00   -29.06646    914.9651
   478.00   -29.06645    914.9941
   479.00   -29.06644    915.0231
   480.00   -29.06643    915.0519
   481.00   -29.06642    915.0805
   482.00   -29.06641    915.1090
   483.00   -29.06640    915.1373
   484.00   -29.06640    915.1655
   485.00   -29.06639    915.1935
   486.00   -29.06638    915.2214
   487.00   -29.06638    915.2492
   488.00   -29.06637    915.2768
   489.00   -29.06636    915.3042
   490.00   -29.06636    915.3316
   491.00   -29.06635    915.3587
   492.00   -29.06635    915.3858
   493.00   -29.06634    915.4127
   494.00   -29.06634    915.4394
   495.00   -29.06634    915.4660
   496.00   -29.06633    915.4925
   497.00   -29.06633    915.5189
   498.00   -29.06632    915.5451
   499.00   -29.06632    915.5711
   500.00   -29.06632    915.5971
   525.00   -29.06633    916.2035
   550.00   -29.06644    916.7359
   575.00   -29.06659    917.2034
   600.00   -29.06677    917.6139
   625.00   -29.06695    917.9743
   650.00   -29.06713    918.2908
   675.00   -29.06730    918.5686
   700.00   -29.06747    918.8126
   725.00   -29.06762    919.0268
   750.00   -29.06777    919.2149
   775.00   -29.06790    919.3800
   800.00   -29.06802    919.5250
   825.00   -29.06813    919.6523
   850.00   -29.06824    919.7641
   875.00   -29.06833    919.8623
   900.00   -29.06842    919.9485
   925.00   -29.06850    920.0241
   950.00   -29.06857    920.0906
   975.00   -29.06864    920.1489
  1000.00   -29.06870    920.2001
  1025.00   -29.06876    920.2451
  1050.00   -29.06880    920.2846
  1075.00   -29.06885    920.3193
  1100.00   -29.06889    920.3497
  1125.00   -29.06893    920.3765
  1150.00   -29.06896    920.3999
  1175.00   -29.06899    920.4205
  1200.00   -29.06902    920.4386
  1225.00   -29.06904    920.4545
  1250.00   -29.06906    920.4685
  1275.00   -29.06908    920.4807
  1300.00   -29.06910    920.4915
  1325.00   -29.06912    920.5009
  1350.00   -29.06913    920.5092
  1375.00   -29.06915    920.5165
  1400.00   -29.06916    920.5229
  1425.00   -29.06917    920.5285
  1450.00   -29.06918    920.5334
  1475.00   -29.06919    920.5377
  1500.00   -29.06919    920.5415
  1525.00   -29.06920    920.5449
  1550.00   -29.06921    920.5478
  1575.00   -29.06921    920.5504
  1600.00   -29.06922    920.5526
  1625.00   -29.06922    920.5546
  1650.00   -29.06922    920.5564
  1675.00   -29.06923    920.5579
  1700.00   -29.06923    920.5592
  1725.00   -29.06923    920.5604
  1750.00   -29.06924    920.5614
  1775.00   -29.06924    920.5623
  1800.00   -29.06924    920.5631
  1825.00   -29.06924    920.5638
  1850.00   -29.06924    920.5645
  1875.00   -29.06925    920.5650
  1900.00   -29.06925    920.5655
  1925.00   -29.06925    920.5659
  1950.00   -29.06925    920.5663
  1975.00   -29.06925    920.5666
  2000.00   -29.06925    920.5669
  2025.00   -29.06925    920.5671
  2050.00   -29.06925    920.5673
  2075.00   -29.06925    920.5675
  2100.00   -29.06925    920.5677
  2125.00   -29.06925    920.5678
  2150.00   -29.06926    920.5680
  2175.00   -29.06926    920.5681
  2200.00   -29.06926    920.5682
  2225.00   -29.06927    920.5683
  2250.00   -29.06927    920.5683
  2275.00   -29.06928    920.5684
  2300.00   -29.06930    920.5685
  2325.00   -29.06932    920.5685
  2350.00   -29.06936    920.5686
  2375.00   -29.06940    920.5686
  2400.00   -29.06947    920.5686
  2425.00   -29.06956    920.5687
  2450.00   -29.06967    920.5687
  2475.00   -29.06982    920.5687
  2500.00   -29.07000    920.5687
  2575.00   -29.07000    920.5687