   0.00000     -22.0160  349.98386
   0.50000     -21.6451  356.77659
   1.00000     -22.0685  363.56838
   1.50000     -22.9368  370.35903
   2.00000     -23.9897  377.14825
   2.50000     -25.0575  383.93570
   3.00000     -26.0403  390.72095
   3.50000     -26.8882  397.50349
   4.00000     -27.5841  404.28265
   4.50000     -28.1310  411.05763
   5.00000     -28.5430  417.82743
   5.50000     -28.8395  424.59079
   6.00000     -29.0413  431.34619
   6.50000     -29.1683  438.09171
   7.00000     -29.2383  444.82497
   7.50000     -29.2667  451.54305
   8.00000     -29.2657  458.24229
   8.50000     -29.2453  464.91818
   9.00000     -29.2131  471.56512
   9.50000     -29.1748  478.17616
  10.00000     -29.1342  484.74269
  10.50000     -29.0943  491.25403
  11.00000     -29.0568  497.69696
  11.50000     -29.0227  504.05506
  12.00000     -28.9925  510.30798
  12.50000     -28.9664  516.43049
  13.00000     -28.9443  522.39131
  13.50000     -28.9259  528.15167
  14.00000     -28.9109  533.66347
  14.50000     -28.8988  538.86709
  15.00000     -28.8893  543.68862
  15.50000     -28.8820  548.03641
  16.00000     -28.8764  551.79686
  16.50000     -28.8724  555.21037
  17.00000     -28.8696  558.60619
  17.50000     -28.8679  561.98434
  18.00000     -28.8668  565.34480
  18.50000     -28.8665  568.68759
  19.00000     -28.8665  572.01269
  19.50000     -28.8669  575.32011
  20.00000     -28.8676  578.60986
  20.50000     -28.8683  581.88192
  21.00000     -28.8692  585.13630
  21.50000     -28.8701  588.37300
  22.00000     -28.8711  591.59202
  22.50000     -28.8720  594.79336
  23.00000     -28.8728  597.97702
  23.50000     -28.8736  601.14299
  24.00000     -28.8744  604.29129
  24.50000     -28.8751  607.42191
  25.00000     -28.8757  610.53484
  25.50000     -28.8762  613.63010
  26.00000     -28.8767  616.70767
  26.50000     -28.8771  619.76757
  27.00000     -28.8775  622.80978
  27.50000     -28.8778  625.83431
  28.00000     -28.8781  628.84117
  28.50000     -28.8783  631.83034
  29.00000     -28.8785  634.80183
  29.50000     -28.8787  637.75564
  30.00000     -28.8789  640.69177
  30.50000     -28.8790  643.61022
  31.00000     -28.8791  646.51099
  31.50000     -28.8792  649.39408
  32.00000     -28.8793  652.25948
  32.50000     -28.8793  655.10721
  33.00000     -28.8794  657.93726
  33.50000     -28.8794  660.74962
  34.00000     -28.8794  663.54431
  34.50000     -28.8795  666.32131
  35.00000     -28.8795  669.08064
  35.50000     -28.8795  671.82228
  36.00000     -28.8795  674.54624
  36.50000     -28.8795  677.25253
  37.00000     -28.8796  679.94113
  37.50000     -28.8796  682.61205
  38.00000     -28.8796  685.26529
  38.50000     -28.8796  687.90085
  39.00000     -28.8796  690.51873
  39.50000     -28.8796  693.11893
  40.00000     -28.8796  695.70144
  40.50000     -28.8796  698.26628
  41.00000     -28.8796  700.81344
  41.50000     -28.8796  703.34291
  42.00000     -28.8796  705.85471
  42.50000     -28.8796  708.34882
  43.00000     -28.8796  710.82526
  43.50000     -28.8796  713.28401
  44.00000     -28.8796  715.72509
  44.50000     -28.8796  718.14848
  45.00000     -28.8796  720.55419
  45.50000     -28.8796  722.94222
  46.00000     -28.8796  725.31257
  46.50000     -28.8796  727.66524
  47.00000     -28.8796  730.00023
  47.50000     -28.8796  732.31754
  48.00000     -28.8796  734.61717
  48.50000     -28.8796  736.89912
  49.00000     -28.8796  739.16338
  49.50000     -28.8796  741.40997
  50.00000     -28.8796  743.63887
  50.50000     -28.8796  745.85010
  51.00000     -28.8796  748.04364
  51.50000     -28.8796  750.21951
  52.00000     -28.8796  752.37769
  52.50000     -28.8796  754.51819
  53.00000     -28.8796  756.64102
  53.50000     -28.8796  758.74616
  54.00000     -28.8796  760.83362
  54.50000     -28.8796  762.90340
  55.00000     -28.8796  764.95550
  55.50000     -28.8796  766.98992
  56.00000     -28.8796  769.00666
  56.50000     -28.8796  771.00572
  57.00000     -28.8797  772.98709
  57.50000     -28.8797  774.95079
  58.00000     -28.8797  776.89681
  58.50000     -28.8797  778.82514
  59.00000     -28.8797  780.73580
  59.50000     -28.8797  782.62877
  60.00000     -28.8797  784.50406
  60.50000     -28.8797  786.36168
  61.00000     -28.8797  788.20161
  61.50000     -28.8797  790.02386
  62.00000     -28.8797  791.82843
  62.50000     -28.8797  793.61532
  63.00000     -28.8797  795.38453
  63.50000     -28.8797  797.13606
  64.00000     -28.8797  798.86991
  64.50000     -28.8797  800.58608
  65.00000     -28.8797  802.28457
  65.50000     -28.8797  803.96537
  66.00000     -28.8797  805.62850
  66.50000     -28.8797  807.27395
  67.00000     -28.8797  808.90171
  67.50000     -28.8797  810.51180
  68.00000     -28.8797  812.10420
  68.50000     -28.8797  813.67892
  69.00000     -28.8797  815.23597
  69.50000     -28.8797  816.77533
  70.00000     -28.8797  818.29701
  70.50000     -28.8797  819.80101
  71.00000     -28.8797  821.28733
  71.50000     -28.8797  822.75597
  72.00000     -28.8796  824.20693
  72.50000     -28.8796  825.64021
  73.00000     -28.8796  827.05581
  73.50000     -28.8796  828.45373
  74.00000     -28.8796  829.83396
  74.50000     -28.8796  831.19652
  75.00000     -28.8796  832.54139
  75.50000     -28.8796  833.86859
  76.00000     -28.8796  835.17810
  76.50000     -28.8796  836.46994
  77.00000     -28.8796  837.74409
  77.50000     -28.8795  839.00056
  78.00000     -28.8795  840.23935
  78.50000     -28.8795  841.46047
  79.00000     -28.8795  842.66390
  79.50000     -28.8794  843.84965
  80.00000     -28.8794  845.01772
  80.50000     -28.8794  846.16810
  81.00000     -28.8794  847.30081
  81.50000     -28.8793  848.41584
  82.00000     -28.8793  849.51319
  82.50000     -28.8793  850.59285
  83.00000     -28.8792  851.65484
  83.50000     -28.8792  852.69915
  84.00000     -28.8791  853.72577
  84.50000     -28.8791  854.73471
  85.00000     -28.8790  855.72598
  86.00000     -28.8789  877.71577
  87.00000     -28.8799  877.93816
  88.00000     -28.8800  878.15941
  89.00000     -28.8800  878.37950
  90.00000     -28.8800  878.59845
  91.00000     -28.8800  878.81627
  92.00000     -28.8800  879.03295
  93.00000     -28.8800  879.24851
  94.00000     -28.8800  879.46295
  95.00000     -28.8800  879.67627
  96.00000     -28.8800  879.88849
  97.00000     -28.8800  880.09960
  98.00000     -28.8800  880.30962
  99.00000     -28.8800  880.51855
 100.00000     -28.8800  880.72639
 101.00000     -28.8800  880.93316
 102.00000     -28.8800  881.13885
 103.00000     -28.8800  881.34347
 104.00000     -28.8800  881.54703
 105.00000     -28.8800  881.74953
 106.00000     -28.8800  881.95098
 107.00000     -28.8800  882.15139
 108.00000     -28.8800  882.35075
 109.00000     -28.8800  882.54908
 110.00000     -28.8800  882.74638
 111.00000     -28.8800  882.94265
 112.00000     -28.8800  883.13791
 113.00000     -28.8800  883.33215
 114.00000     -28.8800  883.52538
 115.00000     -28.8800  883.71761
 116.00000     -28.8800  883.90884
 117.00000     -28.8800  884.09908
 118.00000     -28.8800  884.28833
 119.00000     -28.8800  884.47660
 120.00000     -28.8800  884.66389
 121.00000     -28.8800  884.85020
 122.00000     -28.8800  885.03555
 123.00000     -28.8800  885.21994
 124.00000     -28.8800  885.40337
 125.00000     -28.8800  885.58585
 126.00000     -28.8800  885.76738
 127.00000     -28.8800  885.94796
 128.00000     -28.8800  886.12761
 129.00000     -28.8800  886.30633
 130.00000     -28.8800  886.48412
 131.00000     -28.8800  886.66098
 132.00000     -28.8800  886.83693
 133.00000     -28.8800  887.01196
 134.00000     -28.8800  887.18608
 135.00000     -28.8800  887.35930
 136.00000     -28.8800  887.53162
 137.00000     -28.8800  887.70305
 138.00000     -28.8800  887.87358
 139.00000     -28.8800  888.04323
 140.00000     -28.8800  888.21200
 141.00000     -28.8800  888.37989
 142.00000     -28.8800  888.54691
 143.00000     -28.8800  888.71307
 144.00000     -28.8800  888.87836
 145.00000     -28.8800  889.04279
 146.00000     -28.8800  889.20637
 147.00000     -28.8800  889.36909
 148.00000     -28.8800  889.53098
 149.00000     -28.8800  889.69202
 150.00000     -28.8800  889.85223
 151.00000     -28.8800  890.01160
 152.00000     -28.8800  890.17015
 153.00000     -28.8800  890.32787
 154.00000     -28.8800  890.48478
 155.00000     -28.8800  890.64087
 156.00000     -28.8800  890.79615
 157.00000     -28.8800  890.95062
 158.00000     -28.8800  891.10429
 159.00000     -28.8800  891.25716
 160.00000     -28.8800  891.40924
 161.00000     -28.8800  891.56053
 162.00000     -28.8800  891.71103
 163.00000     -28.8800  891.86075
 164.00000     -28.8800  892.00970
 165.00000     -28.8800  892.15787
 166.00000     -28.8800  892.30527
 167.00000     -28.8800  892.45191
 168.00000     -28.8800  892.59778
 169.00000     -28.8800  892.74290
 170.00000     -28.8800  892.88726
 171.00000     -28.8800  893.03088
 172.00000     -28.8800  893.17375
 173.00000     -28.8800  893.31587
 174.00000     -28.8800  893.45726
 175.00000     -28.8800  893.59791
 176.00000     -28.8800  893.73784
 177.00000     -28.8800  893.87703
 178.00000     -28.8800  894.01551
 179.00000     -28.8800  894.15326
 180.00000     -28.8800  894.29030
 181.00000     -28.8800  894.42663
 182.00000     -28.8800  894.56225
 183.00000     -28.8800  894.69717
 184.00000     -28.8800  894.83138
 185.00000     -28.8800  894.96490
 186.00000     -28.8800  895.09773
 187.00000     -28.8800  895.22986
 188.00000     -28.8800  895.36131
 189.00000     -28.8800  895.49208
 190.00000     -28.8800  895.62216
 191.00000     -28.8800  895.75158
 192.00000     -28.8800  895.88032
 193.00000     -28.8800  896.00839
 194.00000     -28.8800  896.13579
 195.00000     -28.8800  896.26254
 196.00000     -28.8800  896.38862
 197.00000     -28.8800  896.51406
 198.00000     -28.8800  896.63884
 199.00000     -28.8800  896.76297
 200.00000     -28.8800  896.88646
 201.00000     -28.8800  897.00930
 202.00000     -28.8800  897.13151
 203.00000     -28.8800  897.25309
 204.00000     -28.8800  897.37403
 205.00000     -28.8800  897.49434
 206.00000     -28.8800  897.61403
 207.00000     -28.8800  897.73310
 208.00000     -28.8800  897.85155
 209.00000     -28.8800  897.96939
 210.00000     -28.8800  898.08661
 211.00000     -28.8800  898.20322
 212.00000     -28.8800  898.31923
 213.00000     -28.8800  898.43464
 214.00000     -28.8800  898.54944
 215.00000     -28.8800  898.66366
 216.00000     -28.8800  898.77727
 217.00000     -28.8800  898.89030
 218.00000     -28.8800  899.00274
 219.00000     -28.8800  899.11460
 220.00000     -28.8800  899.22587
 221.00000     -28.8800  899.33657
 222.00000     -28.8800  899.44670
 223.00000     -28.8800  899.55625
 224.00000     -28.8800  899.66523
 225.00000     -28.8800  899.77365
 226.00000     -28.8800  899.88150
 227.00000     -28.8800  899.98879
 228.00000     -28.8800  900.09553
 229.00000     -28.8800  900.20171
 230.00000     -28.8800  900.30734
 231.00000     -28.8800  900.41243
 232.00000     -28.8800  900.51696
 233.00000     -28.8800  900.62096
 234.00000     -28.8800  900.72441
 235.00000     -28.8800  900.82733
 236.00000     -28.8800  900.92971
 237.00000     -28.8800  901.03156
 238.00000     -28.8800  901.13288
 239.00000     -28.8800  901.23368
 240.00000     -28.8800  901.33395
 241.00000     -28.8800  901.43370
 242.00000     -28.8800  901.53293
 243.00000     -28.8800  901.63165
 244.00000     -28.8800  901.72985
 245.00000     -28.8800  901.82755
 246.00000     -28.8800  901.92474
 247.00000     -28.8800  902.02142
 248.00000     -28.8800  902.11760
 249.00000     -28.8800  902.21328
 250.00000     -28.8800  902.30847
 251.00000     -28.8800  902.40316
 252.00000     -28.8800  902.49736
 253.00000     -28.8800  902.59107
 254.00000     -28.8800  902.68429
 255.00000     -28.8800  902.77703
 256.00000     -28.8800  902.86929
 257.00000     -28.8800  902.96107
 258.00000     -28.8800  903.05237
 259.00000     -28.8800  903.14320
 260.00000     -28.8800  903.23355
 261.00000     -28.8800  903.32344
 262.00000     -28.8800  903.41286
 263.00000     -28.8800  903.50181
 264.00000     -28.8800  903.59031
 265.00000     -28.8800  903.67834
 266.00000     -28.8800  903.76592
 267.00000     -28.8800  903.85304
 268.00000     -28.8800  903.93971
 269.00000     -28.8800  904.02593
 270.00000     -28.8800  904.11170
 271.00000     -28.8800  904.19703
 272.00000     -28.8800  904.28191
 273.00000     -28.8800  904.36636
 274.00000     -28.8800  904.45036
 275.00000     -28.8800  904.53393
 276.00000     -28.8800  904.61706
 277.00000     -28.8800  904.69976
 278.00000     -28.8800  904.78204
 279.00000     -28.8800  904.86388
 280.00000     -28.8800  904.94530
 281.00000     -28.8800  905.02630
 282.00000     -28.8800  905.10688
 283.00000     -28.8800  905.18704
 284.00000     -28.8800  905.26678
 285.00000     -28.8800  905.34611
 286.00000     -28.8800  905.42502
 287.00000     -28.8800  905.50353
 288.00000     -28.8800  905.58163
 289.00000     -28.8800  905.65932
 290.00000     -28.8800  905.73661
 291.00000     -28.8800  905.81350
 292.00000     -28.8800  905.88999
 293.00000     -28.8800  905.96608
 294.00000     -28.8800  906.04178
 295.00000     -28.8800  906.11708
 296.00000     -28.8800  906.19200
 297.00000     -28.8800  906.26652
 298.00000     -28.8800  906.34066
 299.00000     -28.8800  906.41441
 300.00000     -28.8800  906.48778
 301.00000     -28.8800  906.56077
 302.00000     -28.8800  906.63338
 303.00000     -28.8800  906.70561
 304.00000     -28.8800  906.77746
 305.00000     -28.8800  906.84895
 306.00000     -28.8800  906.92006
 307.00000     -28.8800  906.99080
 308.00000     -28.8800  907.06118
 309.00000     -28.8800  907.13119
 310.00000     -28.8800  907.20084
 311.00000     -28.8800  907.27012
 312.00000     -28.8800  907.33905
 313.00000     -28.8800  907.40761
 314.00000     -28.8800  907.47582
 315.00000     -28.8800  907.54368
 316.00000     -28.8800  907.61119
 317.00000     -28.8800  907.67834
 318.00000     -28.8800  907.74515
 319.00000     -28.8800  907.81160
 320.00000     -28.8800  907.87772
 321.00000     -28.8800  907.94349
 322.00000     -28.8800  908.00892
 323.00000     -28.8800  908.07401
 324.00000     -28.8800  908.13876
 325.00000     -28.8800  908.20317
 326.00000     -28.8800  908.26725
 327.00000     -28.8800  908.33100
 328.00000     -28.8800  908.39441
 329.00000     -28.8800  908.45750
 330.00000     -28.8800  908.52026
 331.00000     -28.8800  908.58269
 332.00000     -28.8800  908.64480
 333.00000     -28.8800  908.70659
 334.00000     -28.8800  908.76806
 335.00000     -28.8800  908.82920
 336.00000     -28.8800  908.89003
 337.00000     -28.8800  908.95055
 338.00000     -28.8800  909.01074
 339.00000     -28.8800  909.07063
 340.00000     -28.8800  909.13021
 341.00000     -28.8800  909.18947
 342.00000     -28.8800  909.24843
 343.00000     -28.8800  909.30708
 344.00000     -28.8800  909.36543
 345.00000     -28.8800  909.42347
 346.00000     -28.8800  909.48122
 347.00000     -28.8800  909.53866
 348.00000     -28.8800  909.59581
 349.00000     -28.8800  909.65265
 350.00000     -28.8800  909.70921
 351.00000     -28.8800  909.76547
 352.00000     -28.8800  909.82143
 353.00000     -28.8800  909.87711
 354.00000     -28.8800  909.93250
 355.00000     -28.8800  909.98760
 356.00000     -28.8800  910.04241
 357.00000     -28.8800  910.09694
 358.00000     -28.8800  910.15119
 359.00000     -28.8800  910.20515
 360.00000     -28.8800  910.25883
 361.00000     -28.8800  910.31224
 362.00000     -28.8800  910.36537
 363.00000     -28.8800  910.41822
 364.00000     -28.8800  910.47080
 365.00000     -28.8800  910.52310
 366.00000     -28.8800  910.57513
 367.00000     -28.8800  910.62690
 368.00000     -28.8800  910.67839
 369.00000     -28.8800  910.72962
 370.00000     -28.8800  910.78058
 371.00000     -28.8800  910.83127
 372.00000     -28.8800  910.88171
 373.00000     -28.8800  910.93188
 374.00000     -28.8800  910.98179
 375.00000     -28.8800  911.03144
 376.00000     -28.8800  911.08083
 377.00000     -28.8800  911.12997
 378.00000     -28.8800  911.17885
 379.00000     -28.8800  911.22748
 380.00000     -28.8800  911.27585
 381.00000     -28.8800  911.32398
 382.00000     -28.8800  911.37185
 383.00000     -28.8800  911.41948
 384.00000     -28.8800  911.46685
 385.00000     -28.8800  911.51399
 386.00000     -28.8800  911.56087
 387.00000     -28.8800  911.60752
 388.00000     -28.8800  911.65392
 389.00000     -28.8800  911.70008
 390.00000     -28.8800  911.74600
 391.00000     -28.8800  911.79168
 392.00000     -28.8800  911.83713
 393.00000     -28.8800  911.88234
 394.00000     -28.8800  911.92731
 395.00000     -28.8800  911.97205
 396.00000     -28.8800  912.01656
 397.00000     -28.8800  912.06084
 398.00000     -28.8800  912.10489
 399.00000     -28.8800  912.14871
 400.00000     -28.8800  912.19230
 401.00000     -28.8800  912.23566
 402.00000     -28.8800  912.27880
 403.00000     -28.8800  912.32172
 404.00000     -28.8800  912.36441
 405.00000     -28.8800  912.40688
 406.00000     -28.8800  912.44913
 407.00000     -28.8800  912.49116
 408.00000     -28.8800  912.53298
 409.00000     -28.8800  912.57457
 410.00000     -28.8800  912.61595
 411.00000     -28.8800  912.65712
 412.00000     -28.8800  912.69807
 413.00000     -28.8800  912.73881
 414.00000     -28.8800  912.77933
 415.00000     -28.8800  912.81965
 416.00000     -28.8800  912.85976
 417.00000     -28.8800  912.89966
 418.00000     -28.8800  912.93935
 419.00000     -28.8800  912.97883
 420.00000     -28.8800  913.01811
 421.00000     -28.8800  913.05719
 422.00000     -28.8800  913.09606
 423.00000     -28.8800  913.13474
 424.00000     -28.8800  913.17321
 425.00000     -28.8800  913.21148
 426.00000     -28.8800  913.24955
 427.00000     -28.8800  913.28743
 428.00000     -28.8800  913.32510
 429.00000     -28.8800  913.36259
 430.00000     -28.8800  913.39987
 431.00000     -28.8800  913.43697
 432.00000     -28.8800  913.47387
 433.00000     -28.8800  913.51058
 434.00000     -28.8800  913.54710
 435.00000     -28.8800  913.58343
 436.00000     -28.8800  913.61957
 437.00000     -28.8800  913.65552
 438.00000     -28.8800  913.69129
 439.00000     -28.8800  913.72687
 440.00000     -28.8800  913.76227
 441.00000     -28.8800  913.79748
 442.00000     -28.8800  913.83251
 443.00000     -28.8800  913.86736
 444.00000     -28.8800  913.90202
 445.00000     -28.8800  913.93651
 446.00000     -28.8800  913.97082
 447.00000     -28.8800  914.00495
 448.00000     -28.8800  914.03890
 449.00000     -28.8800  914.07267
 450.00000     -28.8800  914.10627
 451.00000     -28.8800  914.13970
 452.00000     -28.8800  914.17295
 453.00000     -28.8800  914.20603
 454.00000     -28.8800  914.23894
 455.00000     -28.8800  914.27168
 456.00000     -28.8800  914.30424
 457.00000     -28.8800  914.33664
 458.00000     -28.8800  914.36887
 459.00000     -28.8800  914.40093
 460.00000     -28.8800  914.43283
 461.00000     -28.8800  914.46456
 462.00000     -28.8800  914.49612
 463.00000     -28.8800  914.52753
 464.00000     -28.8800  914.55876
 465.00000     -28.8800  914.58984
 466.00000     -28.8800  914.62075
 467.00000     -28.8800  914.65151
 468.00000     -28.8800  914.68210
 469.00000     -28.8800  914.71254
 470.00000     -28.8800  914.74282
 471.00000     -28.8800  914.77294
 472.00000     -28.8800  914.80290
 473.00000     -28.8800  914.83271
 474.00000     -28.8800  914.86236
 475.00000     -28.8800  914.89186
 476.00000     -28.8800  914.92121
 477.00000     -28.8800  914.95040
 478.00000     -28.8800  914.97945
 479.00000     -28.8800  915.00834
 480.00000     -28.8800  915.03708
 481.00000     -28.8800  915.06567
 482.00000     -28.8800  915.09411
 483.00000     -28.8800  915.12241
 484.00000     -28.8800  915.15056
 485.00000     -28.8800  915.17856
 486.00000     -28.8800  915.20642
 487.00000     -28.8800  915.23413
 488.00000     -28.8800  915.26170
 489.00000     -28.8800  915.28913
 490.00000     -28.8800  915.31641
 491.00000     -28.8800  915.34355
 492.00000     -28.8800  915.37055
 493.00000     -28.8800  915.39742
 494.00000     -28.8800  915.42414
 495.00000     -28.8800  915.45072
 496.00000     -28.8800  915.47716
 497.00000     -28.8800  915.50347
 498.00000     -28.8800  915.52964
 499.00000     -28.8800  915.55567
 500.00000     -28.8800  915.58157
 525.00000     -28.8800  916.18711
 550.00000     -28.8800  916.71874
 575.00000     -28.8800  917.18549
 600.00000     -28.8800  917.59528
 625.00000     -28.8800  917.95505
 650.00000     -28.8800  918.27091
 675.00000     -28.8800  918.54822
 700.00000     -28.8800  918.79169
 725.00000     -28.8800  919.00545
 750.00000     -28.8800  919.19311
 775.00000     -28.8800  919.35788
 800.00000     -28.8800  919.50253
 825.00000     -28.8800  919.62953
 850.00000     -28.8800  919.74103
 875.00000     -28.8800  919.83892
 900.00000     -28.8800  919.92487
 925.00000     -28.8800  920.00032
 950.00000     -28.8800  920.06657
 975.00000     -28.8800  920.12473
1000.00000     -28.8800  920.17580
1025.00000     -28.8800  920.22063
1050.00000     -28.8800  920.25999
1075.00000     -28.8800  920.29454
1100.00000     -28.8800  920.32488
1125.00000     -28.8800  920.35152
1150.00000     -28.8800  920.37490
1175.00000     -28.8800  920.39543
1200.00000     -28.8800  920.41346
1225.00000     -28.8800  920.42928
1250.00000     -28.8800  920.44318
1275.00000     -28.8800  920.45538
1300.00000     -28.8800  920.46609
1325.00000     -28.8800  920.47549
1350.00000     -28.8800  920.48374
1375.00000     -28.8800  920.49099
1400.00000     -28.8800  920.49735
1425.00000     -28.8800  920.50294
1450.00000     -28.8800  920.50784
1475.00000     -28.8800  920.51215
1500.00000     -28.8800  920.51593
1525.00000     -28.8800  920.51925
1550.00000     -28.8800  920.52216
1575.00000     -28.8800  920.52472
1600.00000     -28.8800  920.52697
1625.00000     -28.8800  920.52894
1650.00000     -28.8800  920.53067
1675.00000     -28.8800  920.53219
1700.00000     -28.8800  920.53353
1725.00000     -28.8800  920.53470
1750.00000     -28.8800  920.53573
1775.00000     -28.8800  920.53663
1800.00000     -28.8800  920.53742
1825.00000     -28.8800  920.53812
1850.00000     -28.8800  920.53873
1875.00000     -28.8800  920.53927
1900.00000     -28.8800  920.53974
1925.00000     -28.8800  920.54015
1950.00000     -28.8800  920.54051
1975.00000     -28.8800  920.54083
2000.00000     -28.8800  920.54111
2025.00000     -28.8800  920.54136
2050.00000     -28.8800  920.54157
2075.00000     -28.8800  920.54176
2100.00000     -28.8800  920.54193
2125.00000     -28.8800  920.54208
2150.00000     -28.8800  920.54220
2175.00000     -28.8800  920.54232
2200.00000     -28.8800  920.54242
2225.00000     -28.8800  920.54250
2250.00000     -28.8800  920.54258
2275.00000     -28.8800  920.54265
2300.00000     -28.8800  920.54270
2325.00000     -28.8800  920.54276
2350.00000     -28.8800  920.54280
2375.00000     -28.8800  920.54284
2400.00000     -28.8800  920.54288
2425.00000     -28.8800  920.54291
2450.00000     -28.8800  920.54293
2475.00000     -28.8800  920.54296
2500.00000     -28.8800  920.54298
