    0.00000  -16.92660
    1.00000  -22.53560
    2.00000  -26.44804
    3.00000  -28.78480
    4.00000  -30.00176
    5.00000  -30.52418
    6.00000  -30.66110
    7.00000  -30.61069
    8.00000  -30.48843
    9.00000  -30.35517
   10.00000  -30.23867
   11.00000  -30.14829
   12.00000  -30.08404
   13.00000  -30.04194
   14.00000  -30.01681
   15.00000  -30.00374
   16.00000  -29.99860
   17.00000  -29.99825
   18.00000  -30.00043
   19.00000  -30.00360
   20.00000  -30.00683
   21.00000  -30.00958
   22.00000  -30.01165
   23.00000  -30.01300
   24.00000  -30.01370
   25.00000  -30.01388
   26.00000  -30.01366
   27.00000  -30.01317
   28.00000  -30.01251
   29.00000  -30.01177
   30.00000  -30.01100
   31.00000  -30.01023
   32.00000  -30.00948
   33.00000  -30.00878
   34.00000  -30.00811
   35.00000  -30.00748
   36.00000  -30.00689
   37.00000  -30.00632
   38.00000  -30.00578
   39.00000  -30.00526
   40.00000  -30.00475
   41.00000  -30.00426
   42.00000  -30.00378
   43.00000  -30.00330
   44.00000  -30.00284
   45.00000  -30.00239
   46.00000  -30.00194
   47.00000  -30.00150
   48.00000  -30.00107
   49.00000  -30.00065
   50.00000  -30.00024
   51.00000  -29.99983
   52.00000  -29.99943
   53.00000  -29.99904
   54.00000  -29.99866
   55.00000  -29.99829
   56.00000  -29.99793
   57.00000  -29.99757
   58.00000  -29.99722
   59.00000  -29.99688
   60.00000  -29.99654
   61.00000  -29.99622
   62.00000  -29.99590
   63.00000  -29.99558
   64.00000  -29.99528
   65.00000  -29.99498
   66.00000  -29.99469
   67.00000  -29.99440
   68.00000  -29.99412
   69.00000  -29.99385
   70.00000  -29.99358
   71.00000  -29.99332
   72.00000  -29.99307
   73.00000  -29.99282
   74.00000  -29.99258
   75.00000  -29.99234
   76.00000  -29.99211
   77.00000  -29.99189
   78.00000  -29.99167
   79.00000  -29.99146
   80.00000  -29.99125
   81.00000  -29.99105
   82.00000  -29.99085
   83.00000  -29.99065
   84.00000  -29.99046
   85.00000  -29.99028
   86.00000  -29.99010
   87.00000  -29.98992
   88.00000  -29.98975
   89.00000  -29.98958
   90.00000  -29.98941
   91.00000  -29.98925
   92.00000  -29.98909
   93.00000  -29.98894
   94.00000  -29.98879
   95.00000  -29.98864
   96.00000  -29.98849
   97.00000  -29.98835
   98.00000  -29.98821
   99.00000  -29.98807
  100.00000  -29.98794
  101.00000  -29.98781
  102.00000  -29.98768
  103.00000  -29.98755
  104.00000  -29.98743
  105.00000  -29.98731
  106.00000  -29.98719
  107.00000  -29.98707
  108.00000  -29.98696
  109.00000  -29.98684
  110.00000  -29.98673
  111.00000  -29.98662
  112.00000  -29.98652
  113.00000  -29.98641
  114.00000  -29.98631
  115.00000  -29.98621
  116.00000  -29.98611
  117.00000  -29.98601
  118.00000  -29.98591
  119.00000  -29.98582
  120.00000  -29.98572
  121.00000  -29.98563
  122.00000  -29.98554
  123.00000  -29.98545
  124.00000  -29.98536
  125.00000  -29.98528
  126.00000  -29.98519
  127.00000  -29.98511
  128.00000  -29.98503
  129.00000  -29.98495
  130.00000  -29.98487
  131.00000  -29.98479
  132.00000  -29.98471
  133.00000  -29.98463
  134.00000  -29.98456
  135.00000  -29.98448
  136.00000  -29.98441
  137.00000  -29.98434
  138.00000  -29.98426
  139.00000  -29.98419
  140.00000  -29.98412
  141.00000  -29.98405
  142.00000  -29.98399
  143.00000  -29.98392
  144.00000  -29.98385
  145.00000  -29.98379
  146.00000  -29.98372
  147.00000  -29.98366
  148.00000  -29.98359
  149.00000  -29.98353
  150.00000  -29.98347
  151.00000  -29.98340
  152.00000  -29.98334
  153.00000  -29.98328
  154.00000  -29.98322
  155.00000  -29.98316
  156.00000  -29.98310
  157.00000  -29.98305
  158.00000  -29.98299
  159.00000  -29.98293
  160.00000  -29.98287
  161.00000  -29.98282
  162.00000  -29.98276
  163.00000  -29.98270
  164.00000  -29.98265
  165.00000  -29.98259
  166.00000  -29.98254
  167.00000  -29.98249
  168.00000  -29.98243
  169.00000  -29.98238
  170.00000  -29.98232
  171.00000  -29.98227
  172.00000  -29.98222
  173.00000  -29.98217
  174.00000  -29.98211
  175.00000  -29.98206
  176.00000  -29.98201
  177.00000  -29.98196
  178.00000  -29.98191
  179.00000  -29.98186
  180.00000  -29.98181
  181.00000  -29.98176
  182.00000  -29.98171
  183.00000  -29.98166
  184.00000  -29.98161
  185.00000  -29.98156
  186.00000  -29.98151
  187.00000  -29.98146
  188.00000  -29.98141
  189.00000  -29.98136
  190.00000  -29.98131
  191.00000  -29.98126
  192.00000  -29.98121
  193.00000  -29.98117
  194.00000  -29.98112
  195.00000  -29.98107
  196.00000  -29.98102
  197.00000  -29.98097
  198.00000  -29.98092
  199.00000  -29.98088
  200.00000  -29.98083
  201.00000  -29.98078
  202.00000  -29.98073
  203.00000  -29.98069
  204.00000  -29.98064
  205.00000  -29.98059
  206.00000  -29.98054
  207.00000  -29.98049
  208.00000  -29.98045
  209.00000  -29.98040
  210.00000  -29.98035
  211.00000  -29.98030
  212.00000  -29.98026
  213.00000  -29.98021
  214.00000  -29.98016
  215.00000  -29.98011
  216.00000  -29.98007
  217.00000  -29.98002
  218.00000  -29.97997
  219.00000  -29.97992
  220.00000  -29.97988
  221.00000  -29.97983
  222.00000  -29.97978
  223.00000  -29.97973
  224.00000  -29.97968
  225.00000  -29.97964
  226.00000  -29.97959
  227.00000  -29.97954
  228.00000  -29.97949
  229.00000  -29.97944
  230.00000  -29.97940
  231.00000  -29.97935
  232.00000  -29.97930
  233.00000  -29.97925
  234.00000  -29.97920
  235.00000  -29.97915
  236.00000  -29.97911
  237.00000  -29.97906
  238.00000  -29.97901
  239.00000  -29.97896
  240.00000  -29.97891
  241.00000  -29.97886
  242.00000  -29.97881
  243.00000  -29.97876
  244.00000  -29.97871
  245.00000  -29.97867
  246.00000  -29.97862
  247.00000  -29.97857
  248.00000  -29.97852
  249.00000  -29.97847
  250.00000  -29.97842
  251.00000  -29.97837
  252.00000  -29.97832
  253.00000  -29.97827
  254.00000  -29.97822
  255.00000  -29.97817
  256.00000  -29.97812
  257.00000  -29.97806
  258.00000  -29.97801
  259.00000  -29.97796
  260.00000  -29.97791
  261.00000  -29.97786
  262.00000  -29.97781
  263.00000  -29.97776
  264.00000  -29.97771
  265.00000  -29.97765
  266.00000  -29.97760
  267.00000  -29.97755
  268.00000  -29.97750
  269.00000  -29.97745
  270.00000  -29.97739
  271.00000  -29.97734
  272.00000  -29.97729
  273.00000  -29.97724
  274.00000  -29.97718
  275.00000  -29.97713
  276.00000  -29.97708
  277.00000  -29.97702
  278.00000  -29.97697
  279.00000  -29.97692
  280.00000  -29.97686
  281.00000  -29.97681
  282.00000  -29.97675
  283.00000  -29.97670
  284.00000  -29.97665
  285.00000  -29.97659
  286.00000  -29.97654
  287.00000  -29.97648
  288.00000  -29.97643
  289.00000  -29.97637
  290.00000  -29.97632
  291.00000  -29.97626
  292.00000  -29.97620
  293.00000  -29.97615
  294.00000  -29.97609
  295.00000  -29.97604
  296.00000  -29.97598
  297.00000  -29.97592
  298.00000  -29.97587
  299.00000  -29.97581
  300.00000  -29.97575
  301.00000  -29.97570
  302.00000  -29.97564
  303.00000  -29.97558
  304.00000  -29.97552
  305.00000  -29.97546
  306.00000  -29.97541
  307.00000  -29.97535
  308.00000  -29.97529
  309.00000  -29.97523
  310.00000  -29.97517
  311.00000  -29.97511
  312.00000  -29.97505
  313.00000  -29.97500
  314.00000  -29.97494
  315.00000  -29.97488
  316.00000  -29.97482
  317.00000  -29.97476
  318.00000  -29.97470
  319.00000  -29.97464
  320.00000  -29.97457
  321.00000  -29.97451
  322.00000  -29.97445
  323.00000  -29.97439
  324.00000  -29.97433
  325.00000  -29.97427
  326.00000  -29.97421
  327.00000  -29.97415
  328.00000  -29.97408
  329.00000  -29.97402
  330.00000  -29.97396
  331.00000  -29.97390
  332.00000  -29.97383
  333.00000  -29.97377
  334.00000  -29.97371
  335.00000  -29.97364
  336.00000  -29.97358
  337.00000  -29.97352
  338.00000  -29.97345
  339.00000  -29.97339
  340.00000  -29.97332
  341.00000  -29.97326
  342.00000  -29.97319
  343.00000  -29.97313
  344.00000  -29.97306
  345.00000  -29.97300
  346.00000  -29.97293
  347.00000  -29.97287
  348.00000  -29.97280
  349.00000  -29.97273
  350.00000  -29.97267
  351.00000  -29.97260
  352.00000  -29.97253
  353.00000  -29.97247
  354.00000  -29.97240
  355.00000  -29.97233
  356.00000  -29.97226
  357.00000  -29.97220
  358.00000  -29.97213
  359.00000  -29.97206
  360.00000  -29.97199
  361.00000  -29.97192
  362.00000  -29.97185
  363.00000  -29.97178
  364.00000  -29.97171
  365.00000  -29.97164
  366.00000  -29.97157
  367.00000  -29.97150
  368.00000  -29.97143
  369.00000  -29.97136
  370.00000  -29.97129
  371.00000  -29.97122
  372.00000  -29.97115
  373.00000  -29.97108
  374.00000  -29.97101
  375.00000  -29.97093
  376.00000  -29.97086
  377.00000  -29.97079
  378.00000  -29.97072
  379.00000  -29.97064
  380.00000  -29.97057
  381.00000  -29.97050
  382.00000  -29.97042
  383.00000  -29.97035
  384.00000  -29.97028
  385.00000  -29.97020
  386.00000  -29.97013
  387.00000  -29.97005
  388.00000  -29.96998
  389.00000  -29.96990
  390.00000  -29.96983
  391.00000  -29.96975
  392.00000  -29.96967
  393.00000  -29.96960
  394.00000  -29.96952
  395.00000  -29.96945
  396.00000  -29.96937
  397.00000  -29.96929
  398.00000  -29.96921
  399.00000  -29.96914
  400.00000  -29.96906
  401.00000  -29.96898
  402.00000  -29.96890
  403.00000  -29.96882
  404.00000  -29.96874
  405.00000  -29.96866
  406.00000  -29.96859
  407.00000  -29.96851
  408.00000  -29.96843
  409.00000  -29.96835
  410.00000  -29.96827
  411.00000  -29.96818
  412.00000  -29.96810
  413.00000  -29.96802
  414.00000  -29.96794
  415.00000  -29.96786
  416.00000  -29.96778
  417.00000  -29.96769
  418.00000  -29.96761
  419.00000  -29.96753
  420.00000  -29.96745
  421.00000  -29.96736
  422.00000  -29.96728
  423.00000  -29.96720
  424.00000  -29.96711
  425.00000  -29.96703
  426.00000  -29.96694
  427.00000  -29.96686
  428.00000  -29.96677
  429.00000  -29.96669
  430.00000  -29.96660
  431.00000  -29.96652
  432.00000  -29.96643
  433.00000  -29.96634
  434.00000  -29.96626
  435.00000  -29.96617
  436.00000  -29.96608
  437.00000  -29.96599
  438.00000  -29.96591
  439.00000  -29.96582
  440.00000  -29.96573
  441.00000  -29.96564
  442.00000  -29.96555
  443.00000  -29.96546
  444.00000  -29.96537
  445.00000  -29.96528
  446.00000  -29.96519
  447.00000  -29.96510
  448.00000  -29.96501
  449.00000  -29.96492
  450.00000  -29.96483
  451.00000  -29.96474
  452.00000  -29.96465
  453.00000  -29.96455
  454.00000  -29.96446
  455.00000  -29.96437
  456.00000  -29.96428
  457.00000  -29.96418
  458.00000  -29.96409
  459.00000  -29.96399
  460.00000  -29.96390
  461.00000  -29.96381
  462.00000  -29.96371
  463.00000  -29.96362
  464.00000  -29.96352
  465.00000  -29.96342
  466.00000  -29.96333
  467.00000  -29.96323
  468.00000  -29.96313
  469.00000  -29.96304
  470.00000  -29.96294
  471.00000  -29.96284
  472.00000  -29.96274
  473.00000  -29.96265
  474.00000  -29.96255
  475.00000  -29.96245
  476.00000  -29.96235
  477.00000  -29.96225
  478.00000  -29.96215
  479.00000  -29.96205
  480.00000  -29.96195
  481.00000  -29.96185
  482.00000  -29.96175
  483.00000  -29.96165
  484.00000  -29.96154
  485.00000  -29.96144
  486.00000  -29.96134
  487.00000  -29.96124
  488.00000  -29.96113
  489.00000  -29.96103
  490.00000  -29.96093
  491.00000  -29.96082
  492.00000  -29.96072
  493.00000  -29.96061
  494.00000  -29.96051
  495.00000  -29.96040
  496.00000  -29.96030
  497.00000  -29.96019
  498.00000  -29.96009
  499.00000  -29.95998
  500.00000  -29.95987
  525.00000  -29.95708
  550.00000  -29.95405
  575.00000  -29.95078
  600.00000  -29.94723
  625.00000  -29.94339
  650.00000  -29.93924
  675.00000  -29.93474
  700.00000  -29.92987
  725.00000  -29.92461
  750.00000  -29.91892
  775.00000  -29.91277
  800.00000  -29.90613
  825.00000  -29.89895
  850.00000  -29.89121
  875.00000  -29.88285
  900.00000  -29.87384
  925.00000  -29.86412
  950.00000  -29.85366
  975.00000  -29.84239
 1000.00000  -29.83027
 1025.00000  -29.81723
 1050.00000  -29.80322
 1075.00000  -29.78816
 1100.00000  -29.77201
 1125.00000  -29.75467
 1150.00000  -29.73609
 1175.00000  -29.71617
 1200.00000  -29.69485
 1225.00000  -29.67204
 1250.00000  -29.64764
 1275.00000  -29.62157
 1300.00000  -29.59373
 1325.00000  -29.56402
 1350.00000  -29.53234
 1375.00000  -29.49858
 1400.00000  -29.46263
 1425.00000  -29.42436
 1450.00000  -29.38367
 1475.00000  -29.34043
 1500.00000  -29.29450
 1525.00000  -29.24577
 1550.00000  -29.19408
 1575.00000  -29.13931
 1600.00000  -29.08130
 1625.00000  -29.01992
 1650.00000  -28.95500
 1675.00000  -28.88640
 1700.00000  -28.81396
 1725.00000  -28.73751
 1750.00000  -28.65689
 1775.00000  -28.57193
 1800.00000  -28.48247
 1825.00000  -28.38833
 1850.00000  -28.28933
 1875.00000  -28.18529
 1900.00000  -28.07605
 1925.00000  -27.96141
 1950.00000  -27.84119
 1975.00000  -27.71521
 2000.00000  -27.58328
 2025.00000  -27.44523
 2050.00000  -27.30086
 2075.00000  -27.14999
 2100.00000  -26.99244
 2125.00000  -26.82802
 2150.00000  -26.65656
 2175.00000  -26.47787
 2200.00000  -26.29177
 2225.00000  -26.09810
 2250.00000  -25.89668
 2275.00000  -25.68734
 2300.00000  -25.46992
 2325.00000  -25.24426
 2350.00000  -25.01022
 2375.00000  -24.76763
 2400.00000  -24.51636
 2425.00000  -24.25628
 2450.00000  -23.98726
 2475.00000  -23.70918
 2500.00000  -23.42192
 2525.00000  -23.12539
 2550.00000  -22.81949
 2575.00000  -22.50415
 2600.00000  -22.17928
 2625.00000  -21.84483
 2650.00000  -21.50075
 2675.00000  -21.14701
 2700.00000  -20.78357
 2725.00000  -20.41043
 2750.00000  -20.02759
 2775.00000  -19.63507
 2800.00000  -19.23291
 2825.00000  -18.82114
 2850.00000  -18.39984
 2875.00000  -17.96909
 2900.00000  -17.52897
 2925.00000  -17.07961
 2950.00000  -16.62114
 2975.00000  -16.15371
 3000.00000  -15.67748
 3025.00000  -15.19265
 3050.00000  -14.69943
 3075.00000  -14.19803
 3100.00000  -13.68870
 3125.00000  -13.17171
 3150.00000  -12.64734
 3175.00000  -12.11590
 3200.00000  -11.57772
 3225.00000  -11.03313
 3250.00000  -10.48251
 3275.00000   -9.92624
 3300.00000   -9.36472
 3325.00000   -8.79838
 3350.00000   -8.22767
 3375.00000   -7.65304
 3400.00000   -7.07497
 3425.00000   -6.49398
 3450.00000   -5.91057
 3475.00000   -5.32528
 3500.00000   -4.68500
