 0.000	 -16.73
 0.200	 -17.85
 0.400	 -18.97
 0.600	  -20.1
 0.800	 -21.22
 1.000	 -22.34
 1.200	 -23.13
 1.400	 -23.91
 1.600	 -24.69
 1.800	 -25.47
 2.000	 -26.26
 2.200	 -26.72
 2.400	 -27.19
 2.600	 -27.66
 2.800	 -28.12
 3.000	 -28.59
 3.200	 -28.83
 3.400	 -29.08
 3.600	 -29.32
 3.800	 -29.56
 4.000	 -29.81
 4.200	 -29.91
 4.400	 -30.01
 4.600	 -30.12
 4.800	 -30.22
 5.000	 -30.33
 5.200	 -30.35
 5.400	 -30.38
 5.600	 -30.41
 5.800	 -30.43
 6.000	 -30.46
 6.200	 -30.45
 6.400	 -30.44
 6.600	 -30.43
 6.800	 -30.42
 7.000	 -30.41
 7.200	 -30.39
 7.400	 -30.36
 7.600	 -30.34
 7.800	 -30.31
 8.000	 -30.29
 8.200	 -30.26
 8.400	 -30.23
 8.600	 -30.21
 8.800	 -30.18
 9.000	 -30.15
 9.200	 -30.13
 9.400	 -30.11
 9.600	 -30.08
 9.800	 -30.06
10.000	 -30.04
10.200	 -30.02
10.400	    -30
10.600	 -29.98
10.800	 -29.97
11.000	 -29.95
11.200	 -29.94
11.400	 -29.92
11.600	 -29.91
11.800	  -29.9
12.000	 -29.88
12.200	 -29.88
12.400	 -29.87
12.600	 -29.86
12.800	 -29.85
13.000	 -29.84
13.200	 -29.84
13.400	 -29.83
13.600	 -29.83
13.800	 -29.82
14.000	 -29.82
14.200	 -29.82
14.400	 -29.81
14.600	 -29.81
14.800	 -29.81
15.000	  -29.8
15.200	  -29.8
15.400	  -29.8
15.600	  -29.8
15.800	  -29.8
16.000	  -29.8
16.200	  -29.8
16.400	  -29.8
16.600	  -29.8
16.800	  -29.8
17.000	  -29.8
17.200	  -29.8
17.400	  -29.8
17.600	  -29.8
17.800	  -29.8
18.000	  -29.8
18.200	  -29.8
18.400	  -29.8
18.600	  -29.8
18.800	  -29.8
19.000	  -29.8
19.200	 -29.81
19.400	 -29.81
19.600	 -29.81
19.800	 -29.81
20.000	 -29.81
20.200	 -29.81
20.400	 -29.81
20.600	 -29.81
20.800	 -29.81
21.000	 -29.81
21.200	 -29.81
21.400	 -29.81
21.600	 -29.81
21.800	 -29.81
22.000	 -29.81
22.200	 -29.81
22.400	 -29.81
22.600	 -29.81
22.800	 -29.81
23.000	 -29.81
23.200	 -29.81
23.400	 -29.81
23.600	 -29.81
23.800	 -29.81
24.000	 -29.82
24.200	 -29.82
24.400	 -29.82
24.600	 -29.82
24.800	 -29.82
25.000	 -29.82
25.200	 -29.82
25.400	 -29.82
25.600	 -29.82
25.800	 -29.82
26.000	 -29.82
26.200	 -29.82
26.400	 -29.81
26.600	 -29.81
26.800	 -29.81
27.000	 -29.81
27.200	 -29.81
27.400	 -29.81
27.600	 -29.81
27.800	 -29.81
28.000	 -29.81
28.200	 -29.81
28.400	 -29.81
28.600	 -29.81
28.800	 -29.81
29.000	 -29.81
29.200	 -29.81
29.400	 -29.81
29.600	 -29.81
29.800	 -29.81
30.000	 -29.81
30.200	 -29.81
30.400	 -29.81
30.600	 -29.81
30.800	 -29.81
31.000	 -29.81
31.200	 -29.81
31.400	 -29.81
31.600	 -29.81
31.800	 -29.81
32.000	 -29.81
32.200	 -29.81
32.400	 -29.81
32.600	 -29.81
32.800	 -29.81
33.000	 -29.81
33.200	 -29.81
33.400	 -29.81
33.600	 -29.81
33.800	 -29.81
34.000	 -29.81
34.200	 -29.81
34.400	 -29.81
34.600	 -29.81
34.800	 -29.81
35.000	 -29.81
35.200	 -29.81
35.400	 -29.81
35.600	 -29.81
35.800	 -29.81
36.000	 -29.81
36.200	 -29.81
36.400	 -29.81
36.600	 -29.81
36.800	 -29.81
37.000	 -29.81
37.200	 -29.81
37.400	 -29.81
37.600	 -29.81
37.800	 -29.81
38.000	 -29.81
38.200	 -29.81
38.400	 -29.81
38.600	 -29.81
38.800	 -29.81
39.000	 -29.81
39.200	 -29.81
39.400	 -29.81
39.600	 -29.81
39.800	 -29.81
40.000	 -29.81
40.200	 -29.81
40.400	 -29.81
40.600	 -29.81
40.800	 -29.81
41.000	 -29.81
41.200	 -29.81
41.400	 -29.81
41.600	 -29.81
41.800	 -29.81
42.000	 -29.81
42.200	 -29.81
42.400	 -29.81
42.600	 -29.81
42.800	 -29.81
43.000	 -29.81
43.200	  -29.8
43.400	  -29.8
43.600	  -29.8
43.800	  -29.8
44.000	  -29.8
44.200	  -29.8
44.400	  -29.8
44.600	  -29.8
44.800	  -29.8
45.000	  -29.8
45.200	  -29.8
45.400	  -29.8
45.600	  -29.8
45.800	  -29.8
46.000	  -29.8
46.200	  -29.8
46.400	  -29.8
46.600	  -29.8
46.800	  -29.8
47.000	  -29.8
47.200	  -29.8
47.400	  -29.8
47.600	  -29.8
47.800	  -29.8
48.000	  -29.8
48.200	  -29.8
48.400	  -29.8
48.600	  -29.8
48.800	  -29.8
49.000	  -29.8
49.200	  -29.8
49.400	  -29.8
49.600	  -29.8
49.800	  -29.8
50.000	  -29.8
50.200	  -29.8
50.400	  -29.8
50.600	  -29.8
50.800	  -29.8
51.000	  -29.8
51.200	  -29.8
51.400	  -29.8
51.600	  -29.8
51.800	  -29.8
52.000	  -29.8
52.200	  -29.8
52.400	  -29.8
52.600	  -29.8
52.800	  -29.8
53.000	  -29.8
53.200	  -29.8
53.400	  -29.8
53.600	  -29.8
53.800	  -29.8
54.000	  -29.8
54.200	  -29.8
54.400	  -29.8
54.600	  -29.8
54.800	  -29.8
55.000	  -29.8
55.200	  -29.8
55.400	  -29.8
55.600	  -29.8
55.800	  -29.8
56.000	  -29.8
56.200	  -29.8
56.400	  -29.8
56.600	  -29.8
56.800	  -29.8
57.000	  -29.8
57.200	  -29.8
57.400	  -29.8
57.600	  -29.8
57.800	  -29.8
58.000	  -29.8
58.200	  -29.8
58.400	  -29.8
58.600	  -29.8
58.800	  -29.8
59.000	  -29.8
59.200	  -29.8
59.400	  -29.8
59.600	  -29.8
59.800	  -29.8
60.000	  -29.8
60.200	  -29.8
60.400	  -29.8
60.600	  -29.8
60.800	  -29.8
61.000	  -29.8
61.200	  -29.8
61.400	  -29.8
61.600	  -29.8
61.800	  -29.8
62.000	  -29.8
62.200	  -29.8
62.400	  -29.8
62.600	  -29.8
62.800	  -29.8
63.000	  -29.8
63.200	  -29.8
63.400	  -29.8
63.600	  -29.8
63.800	  -29.8
64.000	  -29.8
64.200	  -29.8
64.400	  -29.8
64.600	  -29.8
64.800	  -29.8
65.000	  -29.8
65.200	  -29.8
65.400	  -29.8
65.600	  -29.8
65.800	  -29.8
66.000	  -29.8
66.200	  -29.8
66.400	  -29.8
66.600	  -29.8
66.800	  -29.8
67.000	  -29.8
67.200	  -29.8
67.400	  -29.8
67.600	  -29.8
67.800	  -29.8
68.000	  -29.8
68.200	  -29.8
68.400	  -29.8
68.600	  -29.8
68.800	  -29.8
69.000	  -29.8
69.200	  -29.8
69.400	  -29.8
69.600	  -29.8
69.800	  -29.8
70.000	  -29.8
70.200	  -29.8
70.400	  -29.8
70.600	  -29.8
70.800	  -29.8
71.000	  -29.8
71.200	  -29.8
71.400	  -29.8
71.600	  -29.8
71.800	  -29.8
72.000	  -29.8
72.200	  -29.8
72.400	  -29.8
72.600	  -29.8
72.800	  -29.8
73.000	  -29.8
73.200	  -29.8
73.400	  -29.8
73.600	 -29.79
73.800	 -29.79
74.000	 -29.79
74.200	 -29.79
74.400	 -29.79
74.600	 -29.79
74.800	 -29.79
75.000	 -29.79
75.200	 -29.79
75.400	 -29.79
75.600	 -29.79
75.800	 -29.79
76.000	 -29.79
76.200	 -29.79
76.400	 -29.79
76.600	 -29.79
76.800	 -29.79
77.000	 -29.79
77.200	 -29.79
77.400	 -29.79
77.600	 -29.79
77.800	 -29.79
78.000	 -29.79
78.200	 -29.79
78.400	 -29.79
78.600	 -29.79
78.800	 -29.79
79.000	 -29.79
79.200	 -29.79
79.400	 -29.79
79.600	 -29.79
79.800	 -29.79
80.000	 -29.79
81.000	 -29.79
82.000	 -29.79
83.000	 -29.79
84.000	 -29.79
85.000	 -29.79
86.000	 -29.79
87.000	 -29.79
88.000	 -29.79
89.000	 -29.79
90.000	 -29.79
91.000	 -29.79
92.000	 -29.79
93.000	 -29.79
94.000	 -29.79
95.000	 -29.79
96.000	 -29.79
97.000	 -29.79
98.000	 -29.79
99.000	 -29.79
100.000	 -29.79
101.000	 -29.79
102.000	 -29.79
103.000	 -29.79
104.000	 -29.79
105.000	 -29.79
106.000	 -29.79
107.000	 -29.79
108.000	 -29.79
109.000	 -29.79
110.000	 -29.79
111.000	 -29.79
112.000	 -29.79
113.000	 -29.79
114.000	 -29.79
115.000	 -29.79
116.000	 -29.79
117.000	 -29.79
118.000	 -29.79
119.000	 -29.79
120.000	 -29.79
121.000	 -29.79
122.000	 -29.79
123.000	 -29.79
124.000	 -29.79
125.000	 -29.79
126.000	 -29.79
127.000	 -29.79
128.000	 -29.79
129.000	 -29.79
130.000	 -29.79
131.000	 -29.79
132.000	 -29.79
133.000	 -29.79
134.000	 -29.79
135.000	 -29.79
136.000	 -29.79
137.000	 -29.79
138.000	 -29.79
139.000	 -29.79
140.000	 -29.79
141.000	 -29.79
142.000	 -29.79
143.000	 -29.79
144.000	 -29.79
145.000	 -29.79
146.000	 -29.79
147.000	 -29.79
148.000	 -29.79
149.000	 -29.79
150.000	 -29.79
151.000	 -29.79
152.000	 -29.79
153.000	 -29.79
154.000	 -29.79
155.000	 -29.79
156.000	 -29.79
157.000	 -29.79
158.000	 -29.79
159.000	 -29.79
160.000	 -29.79
161.000	 -29.79
162.000	 -29.79
163.000	 -29.79
164.000	 -29.79
165.000	 -29.79
166.000	 -29.79
167.000	 -29.79
168.000	 -29.79
169.000	 -29.79
170.000	 -29.79
171.000	 -29.79
172.000	 -29.79
173.000	 -29.79
174.000	 -29.79
175.000	 -29.79
176.000	 -29.79
177.000	 -29.79
178.000	 -29.79
179.000	 -29.79
180.000	 -29.79
181.000	 -29.79
182.000	 -29.79
183.000	 -29.79
184.000	 -29.79
185.000	 -29.79
186.000	 -29.79
187.000	 -29.79
188.000	 -29.79
189.000	 -29.79
190.000	 -29.79
191.000	 -29.79
192.000	 -29.79
193.000	 -29.79
194.000	 -29.79
195.000	 -29.79
196.000	 -29.79
197.000	 -29.79
198.000	 -29.78
199.000	 -29.78
200.000	 -29.78
201.000	 -29.78
202.000	 -29.78
203.000	 -29.78
204.000	 -29.78
205.000	 -29.78
206.000	 -29.78
207.000	 -29.78
208.000	 -29.78
209.000	 -29.78
210.000	 -29.78
211.000	 -29.78
212.000	 -29.78
213.000	 -29.78
214.000	 -29.78
215.000	 -29.78
216.000	 -29.78
217.000	 -29.78
218.000	 -29.78
219.000	 -29.78
220.000	 -29.78
221.000	 -29.78
222.000	 -29.78
223.000	 -29.78
224.000	 -29.78
225.000	 -29.78
226.000	 -29.78
227.000	 -29.78
228.000	 -29.78
229.000	 -29.78
230.000	 -29.78
231.000	 -29.78
232.000	 -29.78
233.000	 -29.78
234.000	 -29.78
235.000	 -29.78
236.000	 -29.78
237.000	 -29.78
238.000	 -29.78
239.000	 -29.78
240.000	 -29.78
241.000	 -29.78
242.000	 -29.78
243.000	 -29.78
244.000	 -29.78
245.000	 -29.78
246.000	 -29.78
247.000	 -29.78
248.000	 -29.78
249.000	 -29.78
250.000	 -29.78
251.000	 -29.78
252.000	 -29.78
253.000	 -29.78
254.000	 -29.78
255.000	 -29.78
256.000	 -29.78
257.000	 -29.78
258.000	 -29.78
259.000	 -29.78
260.000	 -29.78
261.000	 -29.78
262.000	 -29.78
263.000	 -29.78
264.000	 -29.78
265.000	 -29.78
266.000	 -29.78
267.000	 -29.78
268.000	 -29.78
269.000	 -29.78
270.000	 -29.78
271.000	 -29.78
272.000	 -29.78
273.000	 -29.78
274.000	 -29.78
275.000	 -29.78
276.000	 -29.78
277.000	 -29.78
278.000	 -29.78
279.000	 -29.78
280.000	 -29.78
281.000	 -29.78
282.000	 -29.78
283.000	 -29.78
284.000	 -29.78
285.000	 -29.78
286.000	 -29.78
287.000	 -29.78
288.000	 -29.78
289.000	 -29.78
290.000	 -29.78
291.000	 -29.78
292.000	 -29.78
293.000	 -29.78
294.000	 -29.78
295.000	 -29.78
296.000	 -29.78
297.000	 -29.78
298.000	 -29.78
299.000	 -29.78
300.000	 -29.78
301.000	 -29.78
302.000	 -29.78
303.000	 -29.78
304.000	 -29.78
305.000	 -29.78
306.000	 -29.78
307.000	 -29.78
308.000	 -29.78
309.000	 -29.78
310.000	 -29.78
311.000	 -29.78
312.000	 -29.78
313.000	 -29.78
314.000	 -29.78
315.000	 -29.78
316.000	 -29.78
317.000	 -29.78
318.000	 -29.78
319.000	 -29.78
320.000	 -29.78
321.000	 -29.78
322.000	 -29.78
323.000	 -29.78
324.000	 -29.78
325.000	 -29.78
326.000	 -29.78
327.000	 -29.78
328.000	 -29.78
329.000	 -29.78
330.000	 -29.78
331.000	 -29.78
332.000	 -29.78
333.000	 -29.78
334.000	 -29.78
335.000	 -29.78
336.000	 -29.78
337.000	 -29.78
338.000	 -29.78
339.000	 -29.78
340.000	 -29.78
341.000	 -29.78
342.000	 -29.78
343.000	 -29.78
344.000	 -29.78
345.000	 -29.78
346.000	 -29.78
347.000	 -29.78
348.000	 -29.78
349.000	 -29.78
350.000	 -29.78
351.000	 -29.78
352.000	 -29.78
353.000	 -29.78
354.000	 -29.78
355.000	 -29.78
356.000	 -29.78
357.000	 -29.78
358.000	 -29.78
359.000	 -29.78
360.000	 -29.78
361.000	 -29.78
362.000	 -29.78
363.000	 -29.78
364.000	 -29.78
365.000	 -29.78
366.000	 -29.78
367.000	 -29.78
368.000	 -29.78
369.000	 -29.78
370.000	 -29.78
371.000	 -29.78
372.000	 -29.78
373.000	 -29.78
374.000	 -29.78
375.000	 -29.78
376.000	 -29.78
377.000	 -29.78
378.000	 -29.78
379.000	 -29.78
380.000	 -29.78
381.000	 -29.78
382.000	 -29.78
383.000	 -29.78
384.000	 -29.78
385.000	 -29.78
386.000	 -29.78
387.000	 -29.78
388.000	 -29.78
389.000	 -29.78
390.000	 -29.78
391.000	 -29.78
392.000	 -29.78
393.000	 -29.78
394.000	 -29.78
395.000	 -29.78
396.000	 -29.78
397.000	 -29.78
398.000	 -29.78
399.000	 -29.78
400.000	 -29.78
401.000	 -29.78
402.000	 -29.78
403.000	 -29.78
404.000	 -29.78
405.000	 -29.78
406.000	 -29.78
407.000	 -29.78
408.000	 -29.78
409.000	 -29.78
410.000	 -29.78
411.000	 -29.78
412.000	 -29.78
413.000	 -29.78
414.000	 -29.78
415.000	 -29.78
416.000	 -29.78
417.000	 -29.78
418.000	 -29.78
419.000	 -29.78
420.000	 -29.78
421.000	 -29.78
422.000	 -29.78
423.000	 -29.78
424.000	 -29.78
425.000	 -29.78
426.000	 -29.78
427.000	 -29.78
428.000	 -29.78
429.000	 -29.78
430.000	 -29.78
431.000	 -29.78
432.000	 -29.78
433.000	 -29.78
434.000	 -29.78
435.000	 -29.78
436.000	 -29.78
437.000	 -29.78
438.000	 -29.78
439.000	 -29.78
440.000	 -29.78
441.000	 -29.78
442.000	 -29.78
443.000	 -29.78
444.000	 -29.78
445.000	 -29.78
446.000	 -29.78
447.000	 -29.78
448.000	 -29.78
449.000	 -29.78
450.000	 -29.78
451.000	 -29.78
452.000	 -29.78
453.000	 -29.78
454.000	 -29.78
455.000	 -29.78
456.000	 -29.77
457.000	 -29.77
458.000	 -29.77
459.000	 -29.77
460.000	 -29.77
461.000	 -29.77
462.000	 -29.77
463.000	 -29.77
464.000	 -29.77
465.000	 -29.77
466.000	 -29.77
467.000	 -29.77
468.000	 -29.77
469.000	 -29.77
470.000	 -29.77
471.000	 -29.77
472.000	 -29.77
473.000	 -29.77
474.000	 -29.77
475.000	 -29.77
476.000	 -29.77
477.000	 -29.77
478.000	 -29.77
479.000	 -29.77
480.000	 -29.77
481.000	 -29.77
482.000	 -29.77
483.000	 -29.77
484.000	 -29.77
485.000	 -29.77
486.000	 -29.77
487.000	 -29.77
488.000	 -29.77
489.000	 -29.77
490.000	 -29.77
491.000	 -29.77
492.000	 -29.77
493.000	 -29.77
494.000	 -29.77
495.000	 -29.77
496.000	 -29.77
497.000	 -29.77
498.000	 -29.77
499.000	 -29.77
500.000	 -29.77
525.000	 -29.77
550.000	 -29.77
575.000	 -29.77
600.000	 -29.76
625.000	 -29.76
650.000	 -29.76
675.000	 -29.75
700.000	 -29.75
725.000	 -29.75
750.000	 -29.74
775.000	 -29.74
800.000	 -29.73
825.000	 -29.73
850.000	 -29.72
875.000	 -29.71
900.000	 -29.71
925.000	  -29.7
950.000	 -29.69
975.000	 -29.68
1000.000	 -29.67
1025.000	 -29.66
1050.000	 -29.65
1075.000	 -29.63
1100.000	 -29.62
1125.000	  -29.6
1150.000	 -29.59
1175.000	 -29.57
1200.000	 -29.55
1225.000	 -29.53
1250.000	  -29.5
1275.000	 -29.48
1300.000	 -29.45
1325.000	 -29.42
1350.000	 -29.39
1375.000	 -29.36
1400.000	 -29.33
1425.000	 -29.29
1450.000	 -29.25
1475.000	 -29.21
1500.000	 -29.17
1525.000	 -29.12
1550.000	 -29.07
1575.000	 -29.01
1600.000	 -28.96
1625.000	  -28.9
1650.000	 -28.83
1675.000	 -28.77
1700.000	  -28.7
1725.000	 -28.62
1750.000	 -28.54
1775.000	 -28.46
1800.000	 -28.37
1825.000	 -28.28
1850.000	 -28.18
1875.000	 -28.07
1900.000	 -27.97
1925.000	 -27.85
1950.000	 -27.73
1975.000	 -27.61
2000.000	 -27.48
2025.000	 -27.34
2050.000	 -27.19
2075.000	 -27.04
2100.000	 -26.89
2125.000	 -26.72
2150.000	 -26.55
2175.000	 -26.37
2200.000	 -26.19
2225.000	 -25.99
2250.000	 -25.79
2275.000	 -25.58
2300.000	 -25.37
2325.000	 -25.14
2350.000	 -24.91
2375.000	 -24.67
2400.000	 -24.42
2425.000	 -24.16
2450.000	 -23.89
2475.000	 -23.61
2500.000	 -23.32
2525.000	 -23.03
2550.000	 -22.72
2575.000	 -22.41
2600.000	 -22.08
2625.000	 -21.75
2650.000	  -21.4
2675.000	 -21.05
2700.000	 -20.69
2725.000	 -20.32
2750.000	 -19.93
2775.000	 -19.54
2800.000	 -19.14
2825.000	 -18.73
2850.000	 -18.31
2875.000	 -17.88
2900.000	 -17.44
2925.000	 -16.99
2950.000	 -16.54
2975.000	 -16.07
3000.000	  -15.6
3025.000	 -15.12
3050.000	 -14.62
3075.000	 -14.13
3100.000	 -13.62
3125.000	 -13.11
3150.000	 -12.58
3175.000	 -12.06
3200.000	 -11.52
3225.000	 -10.98
3250.000	 -10.43
3275.000	 -9.882
3300.000	 -9.325
3325.000	 -8.763
3350.000	 -8.198
3375.000	 -7.629
3400.000	 -7.056
3425.000	 -6.481
3450.000	 -5.904
3475.000	 -5.325
3500.000	 -4.685
