     0.00   -17.16060    383.8300
     1.00   -22.77844    403.4434
     2.00   -26.69134    422.1515
     3.00   -29.02794    439.9543
     4.00   -30.24567    456.8519
     5.00   -30.76980    472.8442
     6.00   -30.90898    487.9313
     7.00   -30.86100    502.1131
     8.00   -30.74105    515.3897
     9.00   -30.60983    527.7610
    10.00   -30.49507    539.2270
    11.00   -30.40611    549.7878
    12.00   -30.34303    559.4433
    13.00   -30.30188    568.1935
    14.00   -30.27754    576.0385
    15.00   -30.26512    582.9782
    16.00   -30.26055    589.0127
    17.00   -30.26068    594.1419
    18.00   -30.26329    598.6658
    19.00   -30.26685    603.4775
    20.00   -30.27041    608.2588
    21.00   -30.27347    613.0097
    22.00   -30.27579    617.7301
    23.00   -30.27735    622.4201
    24.00   -30.27822    627.0796
    25.00   -30.27852    631.7088
    26.00   -30.27839    636.3074
    27.00   -30.27795    640.8757
    28.00   -30.27730    645.4135
    29.00   -30.27653    649.9209
    30.00   -30.27568    654.3978
    31.00   -30.27481    658.8443
    32.00   -30.27393    663.2604
    33.00   -30.27305    667.6460
    34.00   -30.27218    672.0012
    35.00   -30.27132    676.3260
    36.00   -30.27046    680.6203
    37.00   -30.26960    684.8842
    38.00   -30.26875    689.1176
    39.00   -30.26788    693.3206
    40.00   -30.26701    697.4932
    41.00   -30.26613    701.6353
    42.00   -30.26523    705.7470
    43.00   -30.26432    709.8283
    44.00   -30.26340    713.8792
    45.00   -30.26247    717.8995
    46.00   -30.26153    721.8895
    47.00   -30.26057    725.8490
    48.00   -30.25961    729.7781
    49.00   -30.25863    733.6768
    50.00   -30.25765    737.5450
    51.00   -30.25665    741.3828
    52.00   -30.25565    745.1901
    53.00   -30.25464    748.9670
    54.00   -30.25362    752.7135
    55.00   -30.25259    756.4295
    56.00   -30.25156    760.1152
    57.00   -30.25052    763.7703
    58.00   -30.24948    767.3950
    59.00   -30.24842    770.9893
    60.00   -30.24736    774.5532
    61.00   -30.24630    778.0866
    62.00   -30.24523    781.5896
    63.00   -30.24415    785.0622
    64.00   -30.24307    788.5043
    65.00   -30.24198    791.9159
    66.00   -30.24089    795.2972
    67.00   -30.23979    798.6480
    68.00   -30.23869    801.9684
    69.00   -30.23758    805.2583
    70.00   -30.23647    808.5178
    71.00   -30.23535    811.7469
    72.00   -30.23423    814.9455
    73.00   -30.23310    818.1137
    74.00   -30.23197    821.2514
    75.00   -30.23084    824.3587
    76.00   -30.22970    827.4356
    77.00   -30.22855    830.4476
    78.00   -30.22740    833.3622
    79.00   -30.22625    836.1826
    80.00   -30.22509    838.9120
    81.00   -30.22393    841.5531
    82.00   -30.22276    844.1089
    83.00   -30.22159    846.5821
    84.00   -30.22041    848.9755
    85.00   -30.21923    851.2915
    86.00   -30.21804    853.5326
    87.00   -30.21685    855.7014
    88.00   -30.21565    857.8001
    89.00   -30.21444    859.8310
    90.00   -30.21323    861.7962
    91.00   -30.21201    863.6980
    92.00   -30.21079    865.5383
    93.00   -30.20956    867.3192
    94.00   -30.20833    869.0425
    95.00   -30.20709    870.7102
    96.00   -30.20584    872.3239
    97.00   -30.20459    873.8856
    98.00   -30.20334    875.3967
    99.00   -30.20207    876.8591
   100.00   -30.20081    878.2742
   101.00   -30.19953    879.6436
   102.00   -30.19825    880.9687
   103.00   -30.19697    882.2510
   104.00   -30.19568    883.4919
   105.00   -30.19438    884.6927
   106.00   -30.19308    885.8547
   107.00   -30.19178    886.9792
   108.00   -30.19046    888.0673
   109.00   -30.18915    889.1203
   110.00   -30.18782    890.1392
   111.00   -30.18649    891.1253
   112.00   -30.18516    892.0795
   113.00   -30.18382    893.0028
   114.00   -30.18248    893.8963
   115.00   -30.18113    894.7609
   116.00   -30.17978    895.5977
   117.00   -30.17842    896.4073
   118.00   -30.17706    897.1908
   119.00   -30.17569    897.9490
   120.00   -30.17432    898.6827
   121.00   -30.17294    899.3927
   122.00   -30.17156    900.0798
   123.00   -30.17017    900.7447
   124.00   -30.16878    901.3880
   125.00   -30.16739    902.0106
   126.00   -30.16599    902.6131
   127.00   -30.16459    903.1961
   128.00   -30.16318    903.7603
   129.00   -30.16177    904.3062
   130.00   -30.16035    904.8345
   131.00   -30.15894    905.3458
   132.00   -30.15751    905.8405
   133.00   -30.15609    906.3192
   134.00   -30.15466    906.7825
   135.00   -30.15323    907.2308
   136.00   -30.15179    907.6646
   137.00   -30.15035    908.0844
   138.00   -30.14891    908.4907
   139.00   -30.14746    908.8838
   140.00   -30.14601    909.2642
   141.00   -30.14456    909.6323
   142.00   -30.14310    909.9885
   143.00   -30.14165    910.3332
   144.00   -30.14019    910.6668
   145.00   -30.13872    910.9896
   146.00   -30.13726    911.3020
   147.00   -30.13579    911.6043
   148.00   -30.13432    911.8968
   149.00   -30.13285    912.1798
   150.00   -30.13137    912.4538
   151.00   -30.12989    912.7188
   152.00   -30.12841    912.9753
   153.00   -30.12693    913.2235
   154.00   -30.12545    913.4637
   155.00   -30.12396    913.6962
   156.00   -30.12247    913.9211
   157.00   -30.12099    914.1388
   158.00   -30.11950    914.3494
   159.00   -30.11800    914.5532
   160.00   -30.11651    914.7504
   161.00   -30.11501    914.9413
   162.00   -30.11352    915.1260
   163.00   -30.11202    915.3047
   164.00   -30.11052    915.4777
   165.00   -30.10902    915.6451
   166.00   -30.10752    915.8070
   167.00   -30.10602    915.9637
   168.00   -30.10452    916.1154
   169.00   -30.10301    916.2622
   170.00   -30.10151    916.4042
   171.00   -30.10000    916.5416
   172.00   -30.09850    916.6746
   173.00   -30.09699    916.8033
   174.00   -30.09549    916.9278
   175.00   -30.09398    917.0484
   176.00   -30.09247    917.1650
   177.00   -30.09096    917.2778
   178.00   -30.08946    917.3870
   179.00   -30.08795    917.4927
   180.00   -30.08644    917.5950
   181.00   -30.08493    917.6939
   182.00   -30.08342    917.7897
   183.00   -30.08192    917.8824
   184.00   -30.08041    917.9720
   185.00   -30.07890    918.0588
   186.00   -30.07740    918.1428
   187.00   -30.07589    918.2240
   188.00   -30.07438    918.3027
   189.00   -30.07288    918.3788
   190.00   -30.07137    918.4524
   191.00   -30.06987    918.5237
   192.00   -30.06837    918.5926
   193.00   -30.06686    918.6593
   194.00   -30.06536    918.7239
   195.00   -30.06386    918.7864
   196.00   -30.06236    918.8468
   197.00   -30.06086    918.9054
   198.00   -30.05936    918.9620
   199.00   -30.05787    919.0168
   200.00   -30.05637    919.0698
   201.00   -30.05488    919.1211
   202.00   -30.05338    919.1708
   203.00   -30.05189    919.2188
   204.00   -30.05040    919.2653
   205.00   -30.04891    919.3103
   206.00   -30.04743    919.3538
   207.00   -30.04594    919.3960
   208.00   -30.04446    919.4367
   209.00   -30.04297    919.4762
   210.00   -30.04149    919.5144
   211.00   -30.04001    919.5513
   212.00   -30.03854    919.5871
   213.00   -30.03706    919.6216
   214.00   -30.03559    919.6551
   215.00   -30.03411    919.6875
   216.00   -30.03264    919.7189
   217.00   -30.03118    919.7492
   218.00   -30.02971    919.7786
   219.00   -30.02825    919.8070
   220.00   -30.02679    919.8345
   221.00   -30.02533    919.8611
   222.00   -30.02387    919.8868
   223.00   -30.02241    919.9117
   224.00   -30.02096    919.9358
   225.00   -30.01951    919.9592
   226.00   -30.01806    919.9817
   227.00   -30.01662    920.0036
   228.00   -30.01518    920.0247
   229.00   -30.01374    920.0452
   230.00   -30.01230    920.0650
   231.00   -30.01086    920.0841
   232.00   -30.00943    920.1027
   233.00   -30.00800    920.1206
   234.00   -30.00657    920.1379
   235.00   -30.00515    920.1547
   236.00   -30.00373    920.1710
   237.00   -30.00231    920.1867
   238.00   -30.00089    920.2019
   239.00   -29.99948    920.2167
   240.00   -29.99807    920.2309
   241.00   -29.99666    920.2447
   242.00   -29.99526    920.2581
   243.00   -29.99386    920.2710
   244.00   -29.99246    920.2835
   245.00   -29.99106    920.2956
   246.00   -29.98967    920.3073
   247.00   -29.98828    920.3186
   248.00   -29.98690    920.3296
   249.00   -29.98552    920.3402
   250.00   -29.98414    920.3504
   251.00   -29.98276    920.3604
   252.00   -29.98139    920.3700
   253.00   -29.98002    920.3793
   254.00   -29.97865    920.3883
   255.00   -29.97729    920.3970
   256.00   -29.97593    920.4054
   257.00   -29.97458    920.4136
   258.00   -29.97322    920.4215
   259.00   -29.97187    920.4291
   260.00   -29.97053    920.4365
   261.00   -29.96919    920.4436
   262.00   -29.96785    920.4506
   263.00   -29.96651    920.4573
   264.00   -29.96518    920.4637
   265.00   -29.96385    920.4700
   266.00   -29.96253    920.4761
   267.00   -29.96121    920.4820
   268.00   -29.95989    920.4876
   269.00   -29.95858    920.4931
   270.00   -29.95727    920.4985
   271.00   -29.95597    920.5036
   272.00   -29.95466    920.5086
   273.00   -29.95337    920.5134
   274.00   -29.95207    920.5181
   275.00   -29.95078    920.5226
   276.00   -29.94950    920.5270
   277.00   -29.94821    920.5312
   278.00   -29.94693    920.5353
   279.00   -29.94566    920.5392
   280.00   -29.94439    920.5431
   281.00   -29.94312    920.5468
   282.00   -29.94186    920.5504
   283.00   -29.94060    920.5538
   284.00   -29.93934    920.5572
   285.00   -29.93809    920.5604
   286.00   -29.93684    920.5636
   287.00   -29.93560    920.5666
   288.00   -29.93436    920.5696
   289.00   -29.93313    920.5724
   290.00   -29.93189    920.5752
   291.00   -29.93067    920.5779
   292.00   -29.92944    920.5804
   293.00   -29.92822    920.5829
   294.00   -29.92701    920.5854
   295.00   -29.92580    920.5877
   296.00   -29.92459    920.5900
   297.00   -29.92339    920.5922
   298.00   -29.92219    920.5943
   299.00   -29.92099    920.5963
   300.00   -29.91980    920.5983
   301.00   -29.91862    920.6003
   302.00   -29.91744    920.6021
   303.00   -29.91626    920.6039
   304.00   -29.91508    920.6057
   305.00   -29.91391    920.6073
   306.00   -29.91275    920.6090
   307.00   -29.91159    920.6105
   308.00   -29.91043    920.6121
   309.00   -29.90928    920.6136
   310.00   -29.90813    920.6150
   311.00   -29.90699    920.6164
   312.00   -29.90585    920.6177
   313.00   -29.90471    920.6190
   314.00   -29.90358    920.6203
   315.00   -29.90245    920.6215
   316.00   -29.90133    920.6226
   317.00   -29.90021    920.6238
   318.00   -29.89910    920.6249
   319.00   -29.89798    920.6259
   320.00   -29.89688    920.6270
   321.00   -29.89578    920.6280
   322.00   -29.89468    920.6289
   323.00   -29.89359    920.6299
   324.00   -29.89250    920.6308
   325.00   -29.89141    920.6317
   326.00   -29.89033    920.6325
   327.00   -29.88926    920.6333
   328.00   -29.88819    920.6341
   329.00   -29.88712    920.6349
   330.00   -29.88606    920.6356
   331.00   -29.88500    920.6363
   332.00   -29.88394    920.6370
   333.00   -29.88289    920.6377
   334.00   -29.88185    920.6384
   335.00   -29.88080    920.6390
   336.00   -29.87977    920.6396
   337.00   -29.87873    920.6402
   338.00   -29.87771    920.6407
   339.00   -29.87668    920.6413
   340.00   -29.87566    920.6418
   341.00   -29.87465    920.6424
   342.00   -29.87363    920.6429
   343.00   -29.87263    920.6433
   344.00   -29.87162    920.6438
   345.00   -29.87063    920.6443
   346.00   -29.86963    920.6447
   347.00   -29.86864    920.6451
   348.00   -29.86766    920.6455
   349.00   -29.86668    920.6459
   350.00   -29.86570    920.6463
   351.00   -29.86473    920.6467
   352.00   -29.86376    920.6470
   353.00   -29.86279    920.6474
   354.00   -29.86183    920.6477
   355.00   -29.86088    920.6481
   356.00   -29.85993    920.6484
   357.00   -29.85898    920.6487
   358.00   -29.85804    920.6490
   359.00   -29.85710    920.6493
   360.00   -29.85616    920.6495
   361.00   -29.85523    920.6498
   362.00   -29.85431    920.6501
   363.00   -29.85338    920.6503
   364.00   -29.85247    920.6506
   365.00   -29.85155    920.6508
   366.00   -29.85065    920.6510
   367.00   -29.84974    920.6512
   368.00   -29.84884    920.6515
   369.00   -29.84794    920.6517
   370.00   -29.84705    920.6519
   371.00   -29.84616    920.6521
   372.00   -29.84528    920.6522
   373.00   -29.84440    920.6524
   374.00   -29.84352    920.6526
   375.00   -29.84265    920.6528
   376.00   -29.84179    920.6529
   377.00   -29.84092    920.6531
   378.00   -29.84006    920.6532
   379.00   -29.83921    920.6534
   380.00   -29.83836    920.6535
   381.00   -29.83751    920.6537
   382.00   -29.83667    920.6538
   383.00   -29.83583    920.6539
   384.00   -29.83500    920.6541
   385.00   -29.83417    920.6542
   386.00   -29.83334    920.6543
   387.00   -29.83252    920.6544
   388.00   -29.83170    920.6545
   389.00   -29.83089    920.6546
   390.00   -29.83008    920.6547
   391.00   -29.82927    920.6548
   392.00   -29.82847    920.6549
   393.00   -29.82767    920.6550
   394.00   -29.82688    920.6551
   395.00   -29.82609    920.6552
   396.00   -29.82530    920.6553
   397.00   -29.82452    920.6554
   398.00   -29.82374    920.6554
   399.00   -29.82297    920.6555
   400.00   -29.82220    920.6556
   401.00   -29.82143    920.6557
   402.00   -29.82067    920.6557
   403.00   -29.81991    920.6558
   404.00   -29.81916    920.6559
   405.00   -29.81841    920.6559
   406.00   -29.81766    920.6560
   407.00   -29.81692    920.6561
   408.00   -29.81618    920.6561
   409.00   -29.81545    920.6562
   410.00   -29.81472    920.6562
   411.00   -29.81399    920.6563
   412.00   -29.81327    920.6563
   413.00   -29.81255    920.6564
   414.00   -29.81183    920.6564
   415.00   -29.81112    920.6565
   416.00   -29.81041    920.6565
   417.00   -29.80971    920.6566
   418.00   -29.80901    920.6566
   419.00   -29.80831    920.6566
   420.00   -29.80762    920.6567
   421.00   -29.80693    920.6567
   422.00   -29.80624    920.6567
   423.00   -29.80556    920.6568
   424.00   -29.80488    920.6568
   425.00   -29.80421    920.6568
   426.00   -29.80354    920.6569
   427.00   -29.80287    920.6569
   428.00   -29.80221    920.6569
   429.00   -29.80155    920.6570
   430.00   -29.80089    920.6570
   431.00   -29.80024    920.6570
   432.00   -29.79959    920.6571
   433.00   -29.79894    920.6571
   434.00   -29.79830    920.6571
   435.00   -29.79766    920.6571
   436.00   -29.79703    920.6571
   437.00   -29.79640    920.6572
   438.00   -29.79577    920.6572
   439.00   -29.79514    920.6572
   440.00   -29.79452    920.6572
   441.00   -29.79391    920.6572
   442.00   -29.79329    920.6573
   443.00   -29.79268    920.6573
   444.00   -29.79207    920.6573
   445.00   -29.79147    920.6573
   446.00   -29.79087    920.6573
   447.00   -29.79027    920.6574
   448.00   -29.78968    920.6574
   449.00   -29.78909    920.6574
   450.00   -29.78850    920.6574
   451.00   -29.78792    920.6574
   452.00   -29.78734    920.6574
   453.00   -29.78676    920.6574
   454.00   -29.78619    920.6575
   455.00   -29.78562    920.6575
   456.00   -29.78505    920.6575
   457.00   -29.78449    920.6575
   458.00   -29.78393    920.6575
   459.00   -29.78337    920.6575
   460.00   -29.78282    920.6575
   461.00   -29.78227    920.6575
   462.00   -29.78172    920.6575
   463.00   -29.78118    920.6575
   464.00   -29.78064    920.6576
   465.00   -29.78010    920.6576
   466.00   -29.77957    920.6576
   467.00   -29.77903    920.6576
   468.00   -29.77851    920.6576
   469.00   -29.77798    920.6576
   470.00   -29.77746    920.6576
   471.00   -29.77694    920.6576
   472.00   -29.77642    920.6576
   473.00   -29.77591    920.6576
   474.00   -29.77540    920.6576
   475.00   -29.77489    920.6576
   476.00   -29.77439    920.6576
   477.00   -29.77389    920.6577
   478.00   -29.77339    920.6577
   479.00   -29.77290    920.6577
   480.00   -29.77241    920.6577
   481.00   -29.77192    920.6577
   482.00   -29.77143    920.6577
   483.00   -29.77095    920.6577
   484.00   -29.77047    920.6577
   485.00   -29.76999    920.6577
   486.00   -29.76952    920.6577
   487.00   -29.76904    920.6577
   488.00   -29.76858    920.6577
   489.00   -29.76811    920.6577
   490.00   -29.76765    920.6577
   491.00   -29.76719    920.6577
   492.00   -29.76673    920.6577
   493.00   -29.76627    920.6577
   494.00   -29.76582    920.6577
   495.00   -29.76537    920.6577
   496.00   -29.76493    920.6577
   497.00   -29.76448    920.6577
   498.00   -29.76404    920.6577
   499.00   -29.76360    920.6577
   500.00   -29.76317    920.6577
   525.00   -29.75317    920.6578
   550.00   -29.74463    920.6578
   575.00   -29.73730    920.6578
   600.00   -29.73099    920.6578
   625.00   -29.72550    920.6578
   650.00   -29.72063    920.6578
   675.00   -29.71621    920.6578
   700.00   -29.71207    920.6578
   725.00   -29.70806    920.6578
   750.00   -29.70404    920.6578
   775.00   -29.69989    920.6578
   800.00   -29.69548    920.6578
   825.00   -29.69070    920.6578
   850.00   -29.68547    920.6578
   875.00   -29.67968    920.6578
   900.00   -29.67325    920.6578
   925.00   -29.66610    920.6578
   950.00   -29.65816    920.6578
   975.00   -29.64935    920.6578
  1000.00   -29.63961    920.6578
  1025.00   -29.62887    920.6578
  1050.00   -29.61705    920.6578
  1075.00   -29.60410    920.6578
  1100.00   -29.58994    920.6578
  1125.00   -29.57450    920.6578
  1150.00   -29.55771    920.6578
  1175.00   -29.53950    920.6578
  1200.00   -29.51979    920.6578
  1225.00   -29.49849    920.6578
  1250.00   -29.47553    920.6578
  1275.00   -29.45082    920.6578
  1300.00   -29.42426    920.6578
  1325.00   -29.39577    920.6578
  1350.00   -29.36523    920.6578
  1375.00   -29.33254    920.6578
  1400.00   -29.29760    920.6578
  1425.00   -29.26030    920.6578
  1450.00   -29.22051    920.6578
  1475.00   -29.17811    920.6578
  1500.00   -29.13299    920.6578
  1525.00   -29.08500    920.6578
  1550.00   -29.03401    920.6578
  1575.00   -28.97989    920.6578
  1600.00   -28.92249    920.6578
  1625.00   -28.86166    920.6578
  1650.00   -28.79726    920.6578
  1675.00   -28.72913    920.6578
  1700.00   -28.65712    920.6578
  1725.00   -28.58106    920.6578
  1750.00   -28.50079    920.6578
  1775.00   -28.41614    920.6578
  1800.00   -28.32695    920.6578
  1825.00   -28.23304    920.6578
  1850.00   -28.13424    920.6578
  1875.00   -28.03037    920.6578
  1900.00   -27.92126    920.6578
  1925.00   -27.80673    920.6578
  1950.00   -27.68659    920.6578
  1975.00   -27.56067    920.6578
  2000.00   -27.42879    920.6578
  2025.00   -27.29076    920.6578
  2050.00   -27.14640    920.6578
  2075.00   -26.99554    920.6578
  2100.00   -26.83798    920.6578
  2125.00   -26.67356    920.6578
  2150.00   -26.50210    920.6578
  2175.00   -26.32342    920.6578
  2200.00   -26.13736    920.6578
  2225.00   -25.94373    920.6578
  2250.00   -25.74238    920.6578
  2275.00   -25.53315    920.6578
  2300.00   -25.31587    920.6578
  2325.00   -25.09040    920.6578
  2350.00   -24.85659    920.6578
  2375.00   -24.61430    920.6578
  2400.00   -24.36340    920.6578
  2425.00   -24.10375    920.6578
  2450.00   -23.83523    920.6578
  2475.00   -23.55774    920.6578
  2500.00   -23.27118    920.6578
  2525.00   -22.97544    920.6578
  2550.00   -22.67044    920.6578
  2575.00   -22.35611    920.6578
  2600.00   -22.03238    920.6578
  2625.00   -21.69920    920.6578
  2650.00   -21.35652    920.6578
  2675.00   -21.00433    920.6578
  2700.00   -20.64260    920.6578
  2725.00   -20.27132    920.6578
  2750.00   -19.89051    920.6578
  2775.00   -19.50019    920.6578
  2800.00   -19.10040    920.6578
  2825.00   -18.69120    920.6578
  2850.00   -18.27264    920.6578
  2875.00   -17.84483    920.6578
  2900.00   -17.40785    920.6578
  2925.00   -16.96183    920.6578
  2950.00   -16.50690    920.6578
  2975.00   -16.04321    920.6578
  3000.00   -15.57093    920.6578
  3025.00   -15.09025    920.6578
  3050.00   -14.60138    920.6578
  3075.00   -14.10454    920.6578
  3100.00   -13.59996    920.6578
  3125.00   -13.08792    920.6578
  3150.00   -12.56869    920.6578
  3175.00   -12.04256    920.6578
  3200.00   -11.50987    920.6578
  3225.00   -10.97093    920.6578
  3250.00   -10.42611    920.6578
  3275.00    -9.87578    920.6578
  3300.00    -9.32033    920.6578
  3325.00    -8.76017    920.6578
  3350.00    -8.19572    920.6578
  3375.00    -7.62743    920.6578
  3400.00    -7.05576    920.6578
  3425.00    -6.48118    920.6578
  3450.00    -5.90419    920.6578
  3475.00    -5.32530    920.6578
  3500.00    -4.68500    920.6578
