 0.000	 1.2080e-05
 0.200	 1.2080e-05
 0.400	 1.2080e-05
 0.600	 1.2080e-05
 0.800	 1.2080e-05
 1.000	 1.2080e-05
 1.200	 1.2080e-05
 1.400	 1.2080e-05
 1.600	 1.2080e-05
 1.800	 1.2080e-05
 2.000	 1.2080e-05
 2.200	 1.2080e-05
 2.400	 1.2080e-05
 2.600	 1.2080e-05
 2.800	 1.2080e-05
 3.000	 1.2080e-05
 3.200	 1.2080e-05
 3.400	 1.2080e-05
 3.600	 1.2080e-05
 3.800	 1.2080e-05
 4.000	 1.2080e-05
 4.200	 1.2080e-05
 4.400	 1.2080e-05
 4.600	 1.2080e-05
 4.800	 1.2080e-05
 5.000	 1.2080e-05
 5.200	 1.2080e-05
 5.400	 1.2080e-05
 5.600	 1.2080e-05
 5.800	 1.2080e-05
 6.000	 1.2080e-05
 6.200	 1.2080e-05
 6.400	 1.2080e-05
 6.600	 1.2080e-05
 6.800	 1.2080e-05
 7.000	 1.2080e-05
 7.200	 1.2080e-05
 7.400	 1.2080e-05
 7.600	 1.2080e-05
 7.800	 1.2080e-05
 8.000	 1.2080e-05
 8.200	 1.2080e-05
 8.400	 1.2070e-05
 8.600	 1.2050e-05
 8.800	 1.2020e-05
 9.000	 1.2020e-05
 9.200	 1.2010e-05
 9.400	 1.2000e-05
 9.600	 1.2000e-05
 9.800	 1.1970e-05
10.000	 1.1940e-05
10.200	 1.1910e-05
10.400	 1.1880e-05
10.600	 1.1850e-05
10.800	 1.1840e-05
11.000	 1.1810e-05
11.200	 1.1780e-05
11.400	 1.1750e-05
11.600	 1.1720e-05
11.800	 1.1690e-05
12.000	 1.1660e-05
12.200	 1.1630e-05
12.400	 1.1600e-05
12.600	 1.1560e-05
12.800	 1.1510e-05
13.000	 1.1480e-05
13.200	 1.1450e-05
13.400	 1.1410e-05
13.600	 1.1360e-05
13.800	 1.1320e-05
14.000	 1.1290e-05
14.200	 1.1250e-05
14.400	 1.1200e-05
14.600	 1.1160e-05
14.800	 1.1130e-05
15.000	 1.1090e-05
15.200	 1.1040e-05
15.400	 1.1000e-05
15.600	 1.0960e-05
15.800	 1.0910e-05
16.000	 1.0850e-05
16.200	 1.0820e-05
16.400	 1.0780e-05
16.600	 1.0720e-05
16.800	 1.0690e-05
17.000	 1.0650e-05
17.200	 1.0590e-05
17.400	 1.0530e-05
17.600	 1.0500e-05
17.800	 1.0440e-05
18.000	 1.0380e-05
18.200	 1.0350e-05
18.400	 1.0290e-05
18.600	 1.0230e-05
18.800	 1.0190e-05
19.000	 1.0140e-05
19.200	 1.0080e-05
19.400	 1.0040e-05
19.600	 9.9890e-06
19.800	 9.9380e-06
20.000	 9.8850e-06
20.200	 9.8320e-06
20.400	 9.7790e-06
20.600	 9.7260e-06
20.800	 9.6730e-06
21.000	 9.6210e-06
21.200	 9.5690e-06
21.400	 9.5170e-06
21.600	 9.4660e-06
21.800	 9.4150e-06
22.000	 9.3620e-06
22.200	 9.3090e-06
22.400	 9.2570e-06
22.600	 9.2030e-06
22.800	 9.1520e-06
23.000	 9.1000e-06
23.200	 9.0490e-06
23.400	 8.9990e-06
23.600	 8.9480e-06
23.800	 8.8960e-06
24.000	 8.8450e-06
24.200	 8.7930e-06
24.400	 8.7420e-06
24.600	 8.6920e-06
24.800	 8.6410e-06
25.000	 8.5890e-06
25.200	 8.5380e-06
25.400	 8.4860e-06
25.600	 8.4350e-06
25.800	 8.3830e-06
26.000	 8.3320e-06
26.200	 8.2820e-06
26.400	 8.2310e-06
26.600	 8.1790e-06
26.800	 8.1280e-06
27.000	 8.0760e-06
27.200	 8.0230e-06
27.400	 7.9710e-06
27.600	 7.9180e-06
27.800	 7.8660e-06
28.000	 7.8150e-06
28.200	 7.7610e-06
28.400	 7.7080e-06
28.600	 7.6550e-06
28.800	 7.6010e-06
29.000	 7.5480e-06
29.200	 7.4950e-06
29.400	 7.4410e-06
29.600	 7.3880e-06
29.800	 7.3330e-06
30.000	 7.2780e-06
30.200	 7.2250e-06
30.400	 7.1720e-06
30.600	 7.1180e-06
30.800	 7.0650e-06
31.000	 7.0120e-06
31.200	 6.9570e-06
31.400	 6.9020e-06
31.600	 6.8500e-06
31.800	 6.7970e-06
32.000	 6.7440e-06
32.200	 6.6910e-06
32.400	 6.6380e-06
32.600	 6.5830e-06
32.800	 6.5290e-06
33.000	 6.4740e-06
33.200	 6.4210e-06
33.400	 6.3680e-06
33.600	 6.3150e-06
33.800	 6.2630e-06
34.000	 6.2100e-06
34.200	 6.1550e-06
34.400	 6.1010e-06
34.600	 6.0480e-06
34.800	 5.9960e-06
35.000	 5.9440e-06
35.200	 5.8920e-06
35.400	 5.8400e-06
35.600	 5.7870e-06
35.800	 5.7340e-06
36.000	 5.6830e-06
36.200	 5.6330e-06
36.400	 5.5830e-06
36.600	 5.5330e-06
36.800	 5.4830e-06
37.000	 5.4320e-06
37.200	 5.3810e-06
37.400	 5.3330e-06
37.600	 5.2850e-06
37.800	 5.2370e-06
38.000	 5.1900e-06
38.200	 5.1420e-06
38.400	 5.0940e-06
38.600	 5.0450e-06
38.800	 4.9990e-06
39.000	 4.9530e-06
39.200	 4.9070e-06
39.400	 4.8620e-06
39.600	 4.8170e-06
39.800	 4.7700e-06
40.000	 4.7240e-06
40.200	 4.6780e-06
40.400	 4.6340e-06
40.600	 4.5910e-06
40.800	 4.5480e-06
41.000	 4.5050e-06
41.200	 4.4620e-06
41.400	 4.4180e-06
41.600	 4.3750e-06
41.800	 4.3330e-06
42.000	 4.2920e-06
42.200	 4.2510e-06
42.400	 4.2110e-06
42.600	 4.1710e-06
42.800	 4.1280e-06
43.000	 4.0860e-06
43.200	 4.0460e-06
43.400	 4.0060e-06
43.600	 3.9660e-06
43.800	 3.9250e-06
44.000	 3.8850e-06
44.200	 3.8430e-06
44.400	 3.8010e-06
44.600	 3.7610e-06
44.800	 3.7210e-06
45.000	 3.6810e-06
45.200	 3.6410e-06
45.400	 3.6010e-06
45.600	 3.5590e-06
45.800	 3.5170e-06
46.000	 3.4770e-06
46.200	 3.4360e-06
46.400	 3.3960e-06
46.600	 3.3560e-06
46.800	 3.3150e-06
47.000	 3.2730e-06
47.200	 3.2310e-06
47.400	 3.1880e-06
47.600	 3.1470e-06
47.800	 3.1070e-06
48.000	 3.0660e-06
48.200	 3.0250e-06
48.400	 2.9840e-06
48.600	 2.9410e-06
48.800	 2.8980e-06
49.000	 2.8560e-06
49.200	 2.8150e-06
49.400	 2.7730e-06
49.600	 2.7320e-06
49.800	 2.6900e-06
50.000	 2.6460e-06
50.200	 2.6010e-06
50.400	 2.5580e-06
50.600	 2.5150e-06
50.800	 2.4710e-06
51.000	 2.4270e-06
51.200	 2.3810e-06
51.400	 2.3340e-06
51.600	 2.2850e-06
51.800	 2.2380e-06
52.000	 2.1910e-06
52.200	 2.1430e-06
52.400	 2.0940e-06
52.600	 2.0440e-06
52.800	 1.9920e-06
53.000	 1.9390e-06
53.200	 1.8870e-06
53.400	 1.8340e-06
53.600	 1.7800e-06
53.800	 1.7260e-06
54.000	 1.6710e-06
54.200	 1.6130e-06
54.400	 1.5540e-06
54.600	 1.4940e-06
54.800	 1.4360e-06
55.000	 1.3790e-06
55.200	 1.3220e-06
55.400	 1.2680e-06
55.600	 1.2140e-06
55.800	 1.1620e-06
56.000	 1.1120e-06
56.200	 1.0660e-06
56.400	 1.0230e-06
56.600	 9.8280e-07
56.800	 9.4580e-07
57.000	 9.1170e-07
57.200	 8.7800e-07
57.400	 8.4680e-07
57.600	 8.1790e-07
57.800	 7.8860e-07
58.000	 7.5880e-07
58.200	 7.2800e-07
58.400	 6.9510e-07
58.600	 6.6030e-07
58.800	 6.2420e-07
59.000	 5.8680e-07
59.200	 5.4860e-07
59.400	 5.1000e-07
59.600	 4.7110e-07
59.800	 4.3130e-07
60.000	 3.9230e-07
60.200	 3.5410e-07
60.400	 3.1660e-07
60.600	 2.8010e-07
60.800	 2.4590e-07
61.000	 2.1250e-07
61.200	 1.7990e-07
61.400	 1.4970e-07
61.600	 1.2250e-07
61.800	 9.8770e-08
62.000	 7.9360e-08
62.200	 6.4950e-08
62.400	 5.3190e-08
62.600	 4.3940e-08
62.800	 3.6720e-08
63.000	 3.0940e-08
63.200	 2.6020e-08
63.400	 2.2340e-08
63.600	 1.8480e-08
63.800	 1.5430e-08
64.000	 1.3040e-08
64.086	 1.1100e-08
64.172	 9.9230e-09
64.258	 9.9230e-09
64.345	 9.9230e-09
64.431	 9.9230e-09
64.518	 9.9230e-09
64.605	 9.9230e-09
64.692	 9.9230e-09
64.780	 9.8270e-09
64.867	 9.5920e-09
64.955	 9.2840e-09
65.043	 8.8980e-09
65.131	 8.4280e-09
65.220	 7.8940e-09
65.308	 7.3320e-09
65.397	 6.7760e-09
65.486	 6.2270e-09
65.575	 5.6930e-09
65.664	 5.1750e-09
65.754	 4.6740e-09
65.843	 4.2050e-09
65.933	 3.7950e-09
66.023	 3.4420e-09
66.114	 3.1400e-09
66.204	 2.8880e-09
66.295	 2.6720e-09
66.386	 2.4710e-09
66.477	 2.2840e-09
66.568	 2.1170e-09
66.660	 1.9690e-09
66.751	 1.8350e-09
66.843	 1.7130e-09
66.936	 1.6220e-09
67.028	 1.5600e-09
67.120	 1.5220e-09
67.213	 1.5190e-09
67.306	 1.5190e-09
67.399	 1.5190e-09
67.493	 1.5190e-09
67.586	 1.5190e-09
67.680	 1.5190e-09
67.774	 1.5190e-09
67.868	 1.5190e-09
67.963	 1.5190e-09
68.057	 1.5190e-09
68.152	 1.5190e-09
68.247	 1.5190e-09
68.342	 1.5190e-09
68.438	 1.5190e-09
68.533	 1.5190e-09
68.629	 1.5190e-09
68.726	 1.5190e-09
68.822	 1.5190e-09
68.919	 1.5190e-09
69.017	 1.5190e-09
69.115	 1.5190e-09
69.214	 1.5190e-09
69.314	 1.4170e-09
69.414	 1.3290e-09
69.514	 1.2740e-09
69.616	 1.2540e-09
69.717	 1.2540e-09
69.820	 1.2540e-09
69.922	 1.2540e-09
70.026	 1.2540e-09
70.130	 1.2540e-09
70.234	 1.2540e-09
70.339	 1.2540e-09
70.444	 1.2540e-09
70.550	 1.2540e-09
70.657	 1.2540e-09
70.764	 1.2540e-09
70.871	 1.2540e-09
70.979	 1.2540e-09
71.087	 1.2540e-09
71.196	 1.2540e-09
71.305	 1.2540e-09
71.415	 1.2540e-09
71.525	 1.2540e-09
71.635	 1.2540e-09
71.746	 1.2540e-09
71.857	 1.2540e-09
71.969	 1.2540e-09
72.081	 1.2540e-09
72.193	 1.2540e-09
72.306	 1.2540e-09
72.419	 1.2540e-09
72.532	 1.2540e-09
72.646	 1.2540e-09
72.760	 1.2540e-09
72.875	 1.2540e-09
72.989	 1.2540e-09
73.104	 1.2540e-09
73.220	 1.2540e-09
73.335	 1.2540e-09
73.451	 1.2540e-09
73.567	 1.2540e-09
73.683	 1.2540e-09
73.800	 1.2540e-09
73.917	 1.2540e-09
74.034	 1.2540e-09
74.151	 1.2540e-09
74.269	 1.2540e-09
74.386	 1.2540e-09
74.504	 1.2540e-09
74.622	 1.2540e-09
74.740	 1.2540e-09
74.859	 1.2540e-09
74.977	 1.2540e-09
75.096	 1.2540e-09
75.214	 1.2540e-09
75.333	 1.2540e-09
75.452	 1.2540e-09
75.571	 1.2540e-09
75.690	 1.2540e-09
75.809	 1.2540e-09
75.928	 1.2540e-09
76.047	 1.2540e-09
76.166	 1.2540e-09
76.285	 1.2540e-09
76.404	 1.2540e-09
76.523	 1.2540e-09
76.642	 1.2540e-09
76.761	 1.2540e-09
76.879	 1.2540e-09
76.998	 1.2540e-09
77.117	 1.2540e-09
77.235	 1.2540e-09
77.354	 1.2540e-09
77.473	 1.2540e-09
77.591	 1.2540e-09
77.710	 1.2540e-09
77.828	 1.2540e-09
77.946	 1.2540e-09
78.065	 1.1740e-09
78.183	 1.1120e-09
78.301	 1.0610e-09
78.419	 1.0280e-09
78.537	 9.6300e-10
79.000	 1.0000e-11
80.000	 1.0000e-11
85.000	 1.0000e-11
