     0.00   -17.15150    383.8300
     1.00   -22.76837    403.4434
     2.00   -26.68113    422.1515
     3.00   -29.01760    439.9543
     4.00   -30.23519    456.8519
     5.00   -30.75921    472.8442
     6.00   -30.89833    487.9313
     7.00   -30.85032    502.1131
     8.00   -30.73038    515.3897
     9.00   -30.59921    527.7610
    10.00   -30.48452    539.2270
    11.00   -30.39566    549.7878
    12.00   -30.33268    559.4433
    13.00   -30.29165    568.1935
    14.00   -30.26743    576.0385
    15.00   -30.25515    582.9782
    16.00   -30.25071    589.0127
    17.00   -30.25100    594.1419
    18.00   -30.25375    598.6658
    19.00   -30.25746    603.4775
    20.00   -30.26118    608.2588
    21.00   -30.26440    613.0097
    22.00   -30.26688    617.7301
    23.00   -30.26861    622.4201
    24.00   -30.26964    627.0796
    25.00   -30.27011    631.7088
    26.00   -30.27014    636.3074
    27.00   -30.26986    640.8757
    28.00   -30.26938    645.4135
    29.00   -30.26876    649.9209
    30.00   -30.26808    654.3978
    31.00   -30.26736    658.8443
    32.00   -30.26663    663.2604
    33.00   -30.26591    667.6460
    34.00   -30.26519    672.0012
    35.00   -30.26448    676.3260
    36.00   -30.26377    680.6203
    37.00   -30.26305    684.8842
    38.00   -30.26234    689.1176
    39.00   -30.26161    693.3206
    40.00   -30.26087    697.4932
    41.00   -30.26012    701.6353
    42.00   -30.25935    705.7470
    43.00   -30.25857    709.8283
    44.00   -30.25778    713.8792
    45.00   -30.25696    717.8995
    46.00   -30.25614    721.8895
    47.00   -30.25530    725.8490
    48.00   -30.25445    729.7781
    49.00   -30.25358    733.6768
    50.00   -30.25270    737.5450
    51.00   -30.25182    741.3828
    52.00   -30.25092    745.1901
    53.00   -30.25001    748.9670
    54.00   -30.24909    752.7135
    55.00   -30.24816    756.4295
    56.00   -30.24722    760.1152
    57.00   -30.24628    763.7703
    58.00   -30.24532    767.3950
    59.00   -30.24436    770.9893
    60.00   -30.24339    774.5532
    61.00   -30.24241    778.0866
    62.00   -30.24143    781.5896
    63.00   -30.24043    785.0622
    64.00   -30.23943    788.5043
    65.00   -30.23842    791.9159
    66.00   -30.23741    795.2972
    67.00   -30.23639    798.6480
    68.00   -30.23536    801.9684
    69.00   -30.23433    805.2583
    70.00   -30.23329    808.5178
    71.00   -30.23225    811.7469
    72.00   -30.23120    814.9455
    73.00   -30.23014    818.1137
    74.00   -30.22908    821.2514
    75.00   -30.22801    824.3587
    76.00   -30.22694    827.4356
    77.00   -30.22586    830.4476
    78.00   -30.22478    833.3622
    79.00   -30.22369    836.1826
    80.00   -30.22259    838.9120
    81.00   -30.22149    841.5531
    82.00   -30.22039    844.1089
    83.00   -30.21928    846.5821
    84.00   -30.21816    848.9755
    85.00   -30.21704    851.2915
    86.00   -30.21591    853.5326
    87.00   -30.21477    855.7014
    88.00   -30.21363    857.8001
    89.00   -30.21248    859.8310
    90.00   -30.21132    861.7962
    91.00   -30.21016    863.6980
    92.00   -30.20900    865.5383
    93.00   -30.20782    867.3192
    94.00   -30.20664    869.0425
    95.00   -30.20546    870.7102
    96.00   -30.20426    872.3239
    97.00   -30.20307    873.8856
    98.00   -30.20186    875.3967
    99.00   -30.20065    876.8591
   100.00   -30.19943    878.2742
   101.00   -30.19821    879.6436
   102.00   -30.19698    880.9687
   103.00   -30.19574    882.2510
   104.00   -30.19450    883.4919
   105.00   -30.19325    884.6927
   106.00   -30.19200    885.8547
   107.00   -30.19074    886.9792
   108.00   -30.18948    888.0673
   109.00   -30.18820    889.1203
   110.00   -30.18693    890.1392
   111.00   -30.18565    891.1253
   112.00   -30.18436    892.0795
   113.00   -30.18306    893.0028
   114.00   -30.18176    893.8963
   115.00   -30.18046    894.7609
   116.00   -30.17915    895.5977
   117.00   -30.17783    896.4073
   118.00   -30.17651    897.1908
   119.00   -30.17519    897.9490
   120.00   -30.17385    898.6827
   121.00   -30.17252    899.3927
   122.00   -30.17118    900.0798
   123.00   -30.16983    900.7447
   124.00   -30.16848    901.3880
   125.00   -30.16713    902.0106
   126.00   -30.16577    902.6131
   127.00   -30.16440    903.1961
   128.00   -30.16303    903.7603
   129.00   -30.16166    904.3062
   130.00   -30.16028    904.8345
   131.00   -30.15890    905.3458
   132.00   -30.15751    905.8405
   133.00   -30.15612    906.3192
   134.00   -30.15473    906.7825
   135.00   -30.15333    907.2308
   136.00   -30.15193    907.6646
   137.00   -30.15052    908.0844
   138.00   -30.14912    908.4907
   139.00   -30.14770    908.8838
   140.00   -30.14629    909.2642
   141.00   -30.14487    909.6323
   142.00   -30.14344    909.9885
   143.00   -30.14202    910.3332
   144.00   -30.14059    910.6668
   145.00   -30.13916    910.9896
   146.00   -30.13772    911.3020
   147.00   -30.13628    911.6043
   148.00   -30.13484    911.8968
   149.00   -30.13340    912.1798
   150.00   -30.13195    912.4538
   151.00   -30.13051    912.7188
   152.00   -30.12905    912.9753
   153.00   -30.12760    913.2235
   154.00   -30.12615    913.4637
   155.00   -30.12469    913.6962
   156.00   -30.12323    913.9211
   157.00   -30.12176    914.1388
   158.00   -30.12030    914.3494
   159.00   -30.11883    914.5532
   160.00   -30.11737    914.7504
   161.00   -30.11590    914.9413
   162.00   -30.11443    915.1260
   163.00   -30.11295    915.3047
   164.00   -30.11148    915.4777
   165.00   -30.11000    915.6451
   166.00   -30.10853    915.8070
   167.00   -30.10705    915.9637
   168.00   -30.10557    916.1154
   169.00   -30.10409    916.2622
   170.00   -30.10260    916.4042
   171.00   -30.10112    916.5416
   172.00   -30.09964    916.6746
   173.00   -30.09815    916.8033
   174.00   -30.09667    916.9278
   175.00   -30.09518    917.0484
   176.00   -30.09370    917.1650
   177.00   -30.09221    917.2778
   178.00   -30.09072    917.3870
   179.00   -30.08923    917.4927
   180.00   -30.08774    917.5950
   181.00   -30.08626    917.6939
   182.00   -30.08477    917.7897
   183.00   -30.08328    917.8824
   184.00   -30.08179    917.9720
   185.00   -30.08030    918.0588
   186.00   -30.07881    918.1428
   187.00   -30.07732    918.2240
   188.00   -30.07583    918.3027
   189.00   -30.07435    918.3788
   190.00   -30.07286    918.4524
   191.00   -30.07137    918.5237
   192.00   -30.06988    918.5926
   193.00   -30.06840    918.6593
   194.00   -30.06691    918.7239
   195.00   -30.06542    918.7864
   196.00   -30.06394    918.8468
   197.00   -30.06246    918.9054
   198.00   -30.06097    918.9620
   199.00   -30.05949    919.0168
   200.00   -30.05801    919.0698
   201.00   -30.05653    919.1211
   202.00   -30.05505    919.1708
   203.00   -30.05357    919.2188
   204.00   -30.05209    919.2653
   205.00   -30.05062    919.3103
   206.00   -30.04914    919.3538
   207.00   -30.04767    919.3960
   208.00   -30.04620    919.4367
   209.00   -30.04473    919.4762
   210.00   -30.04326    919.5144
   211.00   -30.04179    919.5513
   212.00   -30.04032    919.5871
   213.00   -30.03886    919.6216
   214.00   -30.03740    919.6551
   215.00   -30.03593    919.6875
   216.00   -30.03448    919.7189
   217.00   -30.03302    919.7492
   218.00   -30.03156    919.7786
   219.00   -30.03011    919.8070
   220.00   -30.02866    919.8345
   221.00   -30.02721    919.8611
   222.00   -30.02576    919.8868
   223.00   -30.02431    919.9117
   224.00   -30.02287    919.9358
   225.00   -30.02143    919.9592
   226.00   -30.01999    919.9817
   227.00   -30.01855    920.0036
   228.00   -30.01712    920.0247
   229.00   -30.01568    920.0452
   230.00   -30.01425    920.0650
   231.00   -30.01283    920.0841
   232.00   -30.01140    920.1027
   233.00   -30.00998    920.1206
   234.00   -30.00856    920.1379
   235.00   -30.00714    920.1547
   236.00   -30.00573    920.1710
   237.00   -30.00431    920.1867
   238.00   -30.00290    920.2019
   239.00   -30.00150    920.2167
   240.00   -30.00009    920.2309
   241.00   -29.99869    920.2447
   242.00   -29.99729    920.2581
   243.00   -29.99590    920.2710
   244.00   -29.99451    920.2835
   245.00   -29.99312    920.2956
   246.00   -29.99173    920.3073
   247.00   -29.99034    920.3186
   248.00   -29.98896    920.3296
   249.00   -29.98759    920.3402
   250.00   -29.98621    920.3504
   251.00   -29.98484    920.3604
   252.00   -29.98347    920.3700
   253.00   -29.98211    920.3793
   254.00   -29.98074    920.3883
   255.00   -29.97938    920.3970
   256.00   -29.97803    920.4054
   257.00   -29.97668    920.4136
   258.00   -29.97533    920.4215
   259.00   -29.97398    920.4291
   260.00   -29.97264    920.4365
   261.00   -29.97130    920.4436
   262.00   -29.96996    920.4506
   263.00   -29.96863    920.4573
   264.00   -29.96730    920.4637
   265.00   -29.96598    920.4700
   266.00   -29.96465    920.4761
   267.00   -29.96334    920.4820
   268.00   -29.96202    920.4876
   269.00   -29.96071    920.4931
   270.00   -29.95940    920.4985
   271.00   -29.95810    920.5036
   272.00   -29.95680    920.5086
   273.00   -29.95550    920.5134
   274.00   -29.95421    920.5181
   275.00   -29.95292    920.5226
   276.00   -29.95163    920.5270
   277.00   -29.95035    920.5312
   278.00   -29.94907    920.5353
   279.00   -29.94780    920.5392
   280.00   -29.94653    920.5431
   281.00   -29.94526    920.5468
   282.00   -29.94400    920.5504
   283.00   -29.94274    920.5538
   284.00   -29.94148    920.5572
   285.00   -29.94023    920.5604
   286.00   -29.93898    920.5636
   287.00   -29.93774    920.5666
   288.00   -29.93650    920.5696
   289.00   -29.93526    920.5724
   290.00   -29.93403    920.5752
   291.00   -29.93280    920.5779
   292.00   -29.93158    920.5804
   293.00   -29.93036    920.5829
   294.00   -29.92914    920.5854
   295.00   -29.92793    920.5877
   296.00   -29.92672    920.5900
   297.00   -29.92552    920.5922
   298.00   -29.92432    920.5943
   299.00   -29.92312    920.5963
   300.00   -29.92193    920.5983
   301.00   -29.92074    920.6003
   302.00   -29.91956    920.6021
   303.00   -29.91838    920.6039
   304.00   -29.91720    920.6057
   305.00   -29.91603    920.6073
   306.00   -29.91486    920.6090
   307.00   -29.91370    920.6105
   308.00   -29.91254    920.6121
   309.00   -29.91139    920.6136
   310.00   -29.91023    920.6150
   311.00   -29.90909    920.6164
   312.00   -29.90794    920.6177
   313.00   -29.90681    920.6190
   314.00   -29.90567    920.6203
   315.00   -29.90454    920.6215
   316.00   -29.90342    920.6226
   317.00   -29.90229    920.6238
   318.00   -29.90118    920.6249
   319.00   -29.90006    920.6259
   320.00   -29.89895    920.6270
   321.00   -29.89785    920.6280
   322.00   -29.89675    920.6289
   323.00   -29.89565    920.6299
   324.00   -29.89456    920.6308
   325.00   -29.89347    920.6317
   326.00   -29.89239    920.6325
   327.00   -29.89131    920.6333
   328.00   -29.89023    920.6341
   329.00   -29.88916    920.6349
   330.00   -29.88810    920.6356
   331.00   -29.88703    920.6363
   332.00   -29.88597    920.6370
   333.00   -29.88492    920.6377
   334.00   -29.88387    920.6384
   335.00   -29.88283    920.6390
   336.00   -29.88178    920.6396
   337.00   -29.88075    920.6402
   338.00   -29.87971    920.6407
   339.00   -29.87869    920.6413
   340.00   -29.87766    920.6418
   341.00   -29.87664    920.6424
   342.00   -29.87563    920.6429
   343.00   -29.87461    920.6433
   344.00   -29.87361    920.6438
   345.00   -29.87260    920.6443
   346.00   -29.87160    920.6447
   347.00   -29.87061    920.6451
   348.00   -29.86962    920.6455
   349.00   -29.86863    920.6459
   350.00   -29.86765    920.6463
   351.00   -29.86667    920.6467
   352.00   -29.86570    920.6470
   353.00   -29.86473    920.6474
   354.00   -29.86377    920.6477
   355.00   -29.86281    920.6481
   356.00   -29.86185    920.6484
   357.00   -29.86090    920.6487
   358.00   -29.85995    920.6490
   359.00   -29.85901    920.6493
   360.00   -29.85807    920.6495
   361.00   -29.85713    920.6498
   362.00   -29.85620    920.6501
   363.00   -29.85527    920.6503
   364.00   -29.85435    920.6506
   365.00   -29.85343    920.6508
   366.00   -29.85252    920.6510
   367.00   -29.85161    920.6512
   368.00   -29.85070    920.6515
   369.00   -29.84980    920.6517
   370.00   -29.84890    920.6519
   371.00   -29.84801    920.6521
   372.00   -29.84712    920.6522
   373.00   -29.84623    920.6524
   374.00   -29.84535    920.6526
   375.00   -29.84447    920.6528
   376.00   -29.84360    920.6529
   377.00   -29.84273    920.6531
   378.00   -29.84187    920.6532
   379.00   -29.84101    920.6534
   380.00   -29.84015    920.6535
   381.00   -29.83930    920.6537
   382.00   -29.83845    920.6538
   383.00   -29.83761    920.6539
   384.00   -29.83677    920.6541
   385.00   -29.83593    920.6542
   386.00   -29.83510    920.6543
   387.00   -29.83427    920.6544
   388.00   -29.83345    920.6545
   389.00   -29.83263    920.6546
   390.00   -29.83181    920.6547
   391.00   -29.83100    920.6548
   392.00   -29.83019    920.6549
   393.00   -29.82939    920.6550
   394.00   -29.82859    920.6551
   395.00   -29.82779    920.6552
   396.00   -29.82700    920.6553
   397.00   -29.82621    920.6554
   398.00   -29.82543    920.6554
   399.00   -29.82465    920.6555
   400.00   -29.82387    920.6556
   401.00   -29.82310    920.6557
   402.00   -29.82233    920.6557
   403.00   -29.82157    920.6558
   404.00   -29.82081    920.6559
   405.00   -29.82005    920.6559
   406.00   -29.81930    920.6560
   407.00   -29.81855    920.6561
   408.00   -29.81780    920.6561
   409.00   -29.81706    920.6562
   410.00   -29.81633    920.6562
   411.00   -29.81559    920.6563
   412.00   -29.81486    920.6563
   413.00   -29.81414    920.6564
   414.00   -29.81341    920.6564
   415.00   -29.81270    920.6565
   416.00   -29.81198    920.6565
   417.00   -29.81127    920.6566
   418.00   -29.81056    920.6566
   419.00   -29.80986    920.6566
   420.00   -29.80916    920.6567
   421.00   -29.80847    920.6567
   422.00   -29.80777    920.6567
   423.00   -29.80709    920.6568
   424.00   -29.80640    920.6568
   425.00   -29.80572    920.6568
   426.00   -29.80504    920.6569
   427.00   -29.80437    920.6569
   428.00   -29.80370    920.6569
   429.00   -29.80303    920.6570
   430.00   -29.80237    920.6570
   431.00   -29.80171    920.6570
   432.00   -29.80106    920.6571
   433.00   -29.80040    920.6571
   434.00   -29.79976    920.6571
   435.00   -29.79911    920.6571
   436.00   -29.79847    920.6571
   437.00   -29.79783    920.6572
   438.00   -29.79720    920.6572
   439.00   -29.79657    920.6572
   440.00   -29.79594    920.6572
   441.00   -29.79532    920.6572
   442.00   -29.79469    920.6573
   443.00   -29.79408    920.6573
   444.00   -29.79346    920.6573
   445.00   -29.79285    920.6573
   446.00   -29.79225    920.6573
   447.00   -29.79165    920.6574
   448.00   -29.79105    920.6574
   449.00   -29.79045    920.6574
   450.00   -29.78986    920.6574
   451.00   -29.78927    920.6574
   452.00   -29.78868    920.6574
   453.00   -29.78810    920.6574
   454.00   -29.78752    920.6575
   455.00   -29.78694    920.6575
   456.00   -29.78637    920.6575
   457.00   -29.78580    920.6575
   458.00   -29.78523    920.6575
   459.00   -29.78467    920.6575
   460.00   -29.78411    920.6575
   461.00   -29.78355    920.6575
   462.00   -29.78300    920.6575
   463.00   -29.78245    920.6575
   464.00   -29.78190    920.6576
   465.00   -29.78136    920.6576
   466.00   -29.78082    920.6576
   467.00   -29.78028    920.6576
   468.00   -29.77974    920.6576
   469.00   -29.77921    920.6576
   470.00   -29.77868    920.6576
   471.00   -29.77816    920.6576
   472.00   -29.77764    920.6576
   473.00   -29.77712    920.6576
   474.00   -29.77660    920.6576
   475.00   -29.77609    920.6576
   476.00   -29.77558    920.6576
   477.00   -29.77507    920.6577
   478.00   -29.77457    920.6577
   479.00   -29.77407    920.6577
   480.00   -29.77357    920.6577
   481.00   -29.77307    920.6577
   482.00   -29.77258    920.6577
   483.00   -29.77209    920.6577
   484.00   -29.77160    920.6577
   485.00   -29.77112    920.6577
   486.00   -29.77064    920.6577
   487.00   -29.77016    920.6577
   488.00   -29.76969    920.6577
   489.00   -29.76922    920.6577
   490.00   -29.76875    920.6577
   491.00   -29.76828    920.6577
   492.00   -29.76782    920.6577
   493.00   -29.76735    920.6577
   494.00   -29.76690    920.6577
   495.00   -29.76644    920.6577
   496.00   -29.76599    920.6577
   497.00   -29.76554    920.6577
   498.00   -29.76509    920.6577
   499.00   -29.76465    920.6577
   500.00   -29.76421    920.6577
   525.00   -29.75407    920.6578
   550.00   -29.74538    920.6578
   575.00   -29.73793    920.6578
   600.00   -29.73151    920.6578
   625.00   -29.72592    920.6578
   650.00   -29.72096    920.6578
   675.00   -29.71645    920.6578
   700.00   -29.71225    920.6578
   725.00   -29.70818    920.6578
   750.00   -29.70411    920.6578
   775.00   -29.69991    920.6578
   800.00   -29.69546    920.6578
   825.00   -29.69066    920.6578
   850.00   -29.68540    920.6578
   875.00   -29.67959    920.6578
   900.00   -29.67315    920.6578
   925.00   -29.66599    920.6578
   950.00   -29.65805    920.6578
   975.00   -29.64924    920.6578
  1000.00   -29.63949    920.6578
  1025.00   -29.62875    920.6578
  1050.00   -29.61693    920.6578
  1075.00   -29.60398    920.6578
  1100.00   -29.58982    920.6578
  1125.00   -29.57438    920.6578
  1150.00   -29.55760    920.6578
  1175.00   -29.53939    920.6578
  1200.00   -29.51968    920.6578
  1225.00   -29.49839    920.6578
  1250.00   -29.47543    920.6578
  1275.00   -29.45072    920.6578
  1300.00   -29.42417    920.6578
  1325.00   -29.39567    920.6578
  1350.00   -29.36513    920.6578
  1375.00   -29.33245    920.6578
  1400.00   -29.29751    920.6578
  1425.00   -29.26021    920.6578
  1450.00   -29.22042    920.6578
  1475.00   -29.17802    920.6578
  1500.00   -29.13290    920.6578
  1525.00   -29.08491    920.6578
  1550.00   -29.03392    920.6578
  1575.00   -28.97979    920.6578
  1600.00   -28.92239    920.6578
  1625.00   -28.86157    920.6578
  1650.00   -28.79716    920.6578
  1675.00   -28.72903    920.6578
  1700.00   -28.65702    920.6578
  1725.00   -28.58096    920.6578
  1750.00   -28.50068    920.6578
  1775.00   -28.41603    920.6578
  1800.00   -28.32684    920.6578
  1825.00   -28.23293    920.6578
  1850.00   -28.13413    920.6578
  1875.00   -28.03026    920.6578
  1900.00   -27.92115    920.6578
  1925.00   -27.80661    920.6578
  1950.00   -27.68647    920.6578
  1975.00   -27.56055    920.6578
  2000.00   -27.42867    920.6578
  2025.00   -27.29064    920.6578
  2050.00   -27.14628    920.6578
  2075.00   -26.99541    920.6578
  2100.00   -26.83786    920.6578
  2125.00   -26.67344    920.6578
  2150.00   -26.50198    920.6578
  2175.00   -26.32330    920.6578
  2200.00   -26.13723    920.6578
  2225.00   -25.94360    920.6578
  2250.00   -25.74225    920.6578
  2275.00   -25.53302    920.6578
  2300.00   -25.31574    920.6578
  2325.00   -25.09027    920.6578
  2350.00   -24.85646    920.6578
  2375.00   -24.61417    920.6578
  2400.00   -24.36326    920.6578
  2425.00   -24.10361    920.6578
  2450.00   -23.83510    920.6578
  2475.00   -23.55761    920.6578
  2500.00   -23.27105    920.6578
  2525.00   -22.97531    920.6578
  2550.00   -22.67031    920.6578
  2575.00   -22.35598    920.6578
  2600.00   -22.03225    920.6578
  2625.00   -21.69907    920.6578
  2650.00   -21.35640    920.6578
  2675.00   -21.00421    920.6578
  2700.00   -20.64248    920.6578
  2725.00   -20.27120    920.6578
  2750.00   -19.89040    920.6578
  2775.00   -19.50008    920.6578
  2800.00   -19.10030    920.6578
  2825.00   -18.69109    920.6578
  2850.00   -18.27255    920.6578
  2875.00   -17.84473    920.6578
  2900.00   -17.40776    920.6578
  2925.00   -16.96174    920.6578
  2950.00   -16.50681    920.6578
  2975.00   -16.04313    920.6578
  3000.00   -15.57085    920.6578
  3025.00   -15.09018    920.6578
  3050.00   -14.60131    920.6578
  3075.00   -14.10447    920.6578
  3100.00   -13.59990    920.6578
  3125.00   -13.08786    920.6578
  3150.00   -12.56863    920.6578
  3175.00   -12.04251    920.6578
  3200.00   -11.50982    920.6578
  3225.00   -10.97089    920.6578
  3250.00   -10.42608    920.6578
  3275.00    -9.87575    920.6578
  3300.00    -9.32030    920.6578
  3325.00    -8.76014    920.6578
  3350.00    -8.19570    920.6578
  3375.00    -7.62741    920.6578
  3400.00    -7.05574    920.6578
  3425.00    -6.48117    920.6578
  3450.00    -5.90419    920.6578
  3475.00    -5.32530    920.6578
  3500.00    -4.68500    920.6578
