   0.00000     -35.8092  349.98386
   0.50000     -35.4232  356.77659
   1.00000     -34.8388  363.56838
   1.50000     -34.1670  370.35903
   2.00000     -33.4802  377.14825
   2.50000     -32.8229  383.93570
   3.00000     -32.2203  390.72095
   3.50000     -31.6857  397.50349
   4.00000     -31.2243  404.28265
   4.50000     -30.8358  411.05763
   5.00000     -30.5167  417.82743
   5.50000     -30.2611  424.59079
   6.00000     -30.0619  431.34619
   6.50000     -29.9115  438.09171
   7.00000     -29.8021  444.82497
   7.50000     -29.7262  451.54305
   8.00000     -29.6771  458.24229
   8.50000     -29.6487  464.91818
   9.00000     -29.6357  471.56512
   9.50000     -29.6338  478.17616
  10.00000     -29.6394  484.74269
  10.50000     -29.6496  491.25403
  11.00000     -29.6623  497.69696
  11.50000     -29.6760  504.05506
  12.00000     -29.6894  510.30798
  12.50000     -29.7018  516.43049
  13.00000     -29.7129  522.39131
  13.50000     -29.7223  528.15167
  14.00000     -29.7300  533.66347
  14.50000     -29.7360  538.86709
  15.00000     -29.7405  543.68862
  15.50000     -29.7437  548.03641
  16.00000     -29.7456  551.79686
  16.50000     -29.7466  555.21037
  17.00000     -29.7467  558.60619
  17.50000     -29.7461  561.98434
  18.00000     -29.7451  565.34480
  18.50000     -29.7437  568.68759
  19.00000     -29.7421  572.01269
  19.50000     -29.7404  575.32011
  20.00000     -29.7386  578.60986
  20.50000     -29.7368  581.88192
  21.00000     -29.7350  585.13630
  21.50000     -29.7334  588.37300
  22.00000     -29.7319  591.59202
  22.50000     -29.7306  594.79336
  23.00000     -29.7294  597.97702
  23.50000     -29.7283  601.14299
  24.00000     -29.7274  604.29129
  24.50000     -29.7267  607.42191
  25.00000     -29.7260  610.53484
  25.50000     -29.7255  613.63010
  26.00000     -29.7251  616.70767
  26.50000     -29.7248  619.76757
  27.00000     -29.7246  622.80978
  27.50000     -29.7244  625.83431
  28.00000     -29.7243  628.84117
  28.50000     -29.7242  631.83034
  29.00000     -29.7242  634.80183
  29.50000     -29.7242  637.75564
  30.00000     -29.7243  640.69177
  30.50000     -29.7244  643.61022
  31.00000     -29.7244  646.51099
  31.50000     -29.7245  649.39408
  32.00000     -29.7246  652.25948
  32.50000     -29.7247  655.10721
  33.00000     -29.7248  657.93726
  33.50000     -29.7249  660.74962
  34.00000     -29.7250  663.54431
  34.50000     -29.7251  666.32131
  35.00000     -29.7252  669.08064
  35.50000     -29.7253  671.82228
  36.00000     -29.7253  674.54624
  36.50000     -29.7254  677.25253
  37.00000     -29.7255  679.94113
  37.50000     -29.7255  682.61205
  38.00000     -29.7256  685.26529
  38.50000     -29.7256  687.90085
  39.00000     -29.7257  690.51873
  39.50000     -29.7257  693.11893
  40.00000     -29.7258  695.70144
  40.50000     -29.7258  698.26628
  41.00000     -29.7258  700.81344
  41.50000     -29.7259  703.34291
  42.00000     -29.7259  705.85471
  42.50000     -29.7259  708.34882
  43.00000     -29.7259  710.82526
  43.50000     -29.7259  713.28401
  44.00000     -29.7259  715.72509
  44.50000     -29.7260  718.14848
  45.00000     -29.7260  720.55419
  45.50000     -29.7260  722.94222
  46.00000     -29.7260  725.31257
  46.50000     -29.7260  727.66524
  47.00000     -29.7260  730.00023
  47.50000     -29.7260  732.31754
  48.00000     -29.7260  734.61717
  48.50000     -29.7260  736.89912
  49.00000     -29.7260  739.16338
  49.50000     -29.7260  741.40997
  50.00000     -29.7260  743.63888
  50.50000     -29.7260  745.85010
  51.00000     -29.7260  748.04364
  51.50000     -29.7260  750.21951
  52.00000     -29.7260  752.37769
  52.50000     -29.7260  754.51819
  53.00000     -29.7260  756.64102
  53.50000     -29.7261  758.74616
  54.00000     -29.7261  760.83362
  54.50000     -29.7261  762.90340
  55.00000     -29.7261  764.95550
  55.50000     -29.7261  766.98992
  56.00000     -29.7261  769.00666
  56.50000     -29.7261  771.00572
  57.00000     -29.7261  772.98709
  57.50000     -29.7261  774.95079
  58.00000     -29.7261  776.89681
  58.50000     -29.7261  778.82514
  59.00000     -29.7261  780.73580
  59.50000     -29.7261  782.62877
  60.00000     -29.7261  784.50406
  60.50000     -29.7261  786.36168
  61.00000     -29.7261  788.20161
  61.50000     -29.7261  790.02386
  62.00000     -29.7261  791.82843
  62.50000     -29.7261  793.61532
  63.00000     -29.7261  795.38453
  63.50000     -29.7261  797.13606
  64.00000     -29.7261  798.86991
  64.50000     -29.7261  800.58608
  65.00000     -29.7261  802.28457
  65.50000     -29.7261  803.96537
  66.00000     -29.7261  805.62850
  66.50000     -29.7261  807.27395
  67.00000     -29.7261  808.90171
  67.50000     -29.7261  810.51180
  68.00000     -29.7261  812.10420
  68.50000     -29.7261  813.67892
  69.00000     -29.7261  815.23597
  69.50000     -29.7260  816.77533
  70.00000     -29.7260  818.29701
  70.50000     -29.7260  819.80101
  71.00000     -29.7260  821.28733
  71.50000     -29.7260  822.75597
  72.00000     -29.7260  824.20693
  72.50000     -29.7260  825.64021
  73.00000     -29.7260  827.05581
  73.50000     -29.7260  828.45373
  74.00000     -29.7259  829.83396
  74.50000     -29.7259  831.19652
  75.00000     -29.7259  832.54139
  75.50000     -29.7259  833.86859
  76.00000     -29.7259  835.17810
  76.50000     -29.7259  836.46994
  77.00000     -29.7258  837.74409
  77.50000     -29.7258  839.00056
  78.00000     -29.7258  840.23935
  78.50000     -29.7257  841.46047
  79.00000     -29.7257  842.66390
  79.50000     -29.7257  843.84965
  80.00000     -29.7256  845.01772
  80.50000     -29.7256  846.16810
  81.00000     -29.7256  847.30081
  81.50000     -29.7255  848.41584
  82.00000     -29.7255  849.51319
  82.50000     -29.7254  850.59285
  83.00000     -29.7254  851.65484
  83.50000     -29.7253  852.69915
  84.00000     -29.7253  853.72577
  84.50000     -29.7252  854.73471
  85.00000     -29.7251  855.72598
  86.00000     -29.7250  877.71674
  87.00000     -29.7265  877.93905
  88.00000     -29.7266  878.16022
  89.00000     -29.7266  878.38024
  90.00000     -29.7266  878.59912
  91.00000     -29.7266  878.81686
  92.00000     -29.7266  879.03348
  93.00000     -29.7266  879.24898
  94.00000     -29.7266  879.46336
  95.00000     -29.7266  879.67664
  96.00000     -29.7266  879.88881
  97.00000     -29.7266  880.09988
  98.00000     -29.7266  880.30985
  99.00000     -29.7266  880.51874
 100.00000     -29.7266  880.72655
 101.00000     -29.7266  880.93329
 102.00000     -29.7266  881.13895
 103.00000     -29.7266  881.34355
 104.00000     -29.7266  881.54709
 105.00000     -29.7266  881.74957
 106.00000     -29.7266  881.95101
 107.00000     -29.7266  882.15140
 108.00000     -29.7266  882.35076
 109.00000     -29.7266  882.54908
 110.00000     -29.7266  882.74638
 111.00000     -29.7266  882.94265
 112.00000     -29.7266  883.13791
 113.00000     -29.7266  883.33216
 114.00000     -29.7266  883.52541
 115.00000     -29.7266  883.71765
 116.00000     -29.7266  883.90890
 117.00000     -29.7266  884.09915
 118.00000     -29.7266  884.28843
 119.00000     -29.7266  884.47672
 120.00000     -29.7266  884.66404
 121.00000     -29.7266  884.85038
 122.00000     -29.7266  885.03577
 123.00000     -29.7266  885.22019
 124.00000     -29.7266  885.40366
 125.00000     -29.7266  885.58618
 126.00000     -29.7266  885.76775
 127.00000     -29.7266  885.94839
 128.00000     -29.7266  886.12808
 129.00000     -29.7266  886.30685
 130.00000     -29.7266  886.48469
 131.00000     -29.7266  886.66162
 132.00000     -29.7266  886.83762
 133.00000     -29.7265  887.01272
 134.00000     -29.7265  887.18691
 135.00000     -29.7265  887.36019
 136.00000     -29.7265  887.53258
 137.00000     -29.7265  887.70408
 138.00000     -29.7265  887.87469
 139.00000     -29.7265  888.04441
 140.00000     -29.7265  888.21326
 141.00000     -29.7265  888.38123
 142.00000     -29.7265  888.54833
 143.00000     -29.7265  888.71457
 144.00000     -29.7265  888.87995
 145.00000     -29.7265  889.04447
 146.00000     -29.7265  889.20814
 147.00000     -29.7265  889.37096
 148.00000     -29.7265  889.53294
 149.00000     -29.7265  889.69408
 150.00000     -29.7265  889.85439
 151.00000     -29.7265  890.01386
 152.00000     -29.7265  890.17251
 153.00000     -29.7265  890.33034
 154.00000     -29.7265  890.48736
 155.00000     -29.7265  890.64356
 156.00000     -29.7265  890.79895
 157.00000     -29.7265  890.95353
 158.00000     -29.7265  891.10732
 159.00000     -29.7265  891.26031
 160.00000     -29.7265  891.41250
 161.00000     -29.7265  891.56391
 162.00000     -29.7265  891.71454
 163.00000     -29.7265  891.86439
 164.00000     -29.7265  892.01346
 165.00000     -29.7265  892.16175
 166.00000     -29.7265  892.30928
 167.00000     -29.7265  892.45605
 168.00000     -29.7265  892.60206
 169.00000     -29.7265  892.74731
 170.00000     -29.7265  892.89181
 171.00000     -29.7265  893.03556
 172.00000     -29.7265  893.17857
 173.00000     -29.7265  893.32083
 174.00000     -29.7265  893.46236
 175.00000     -29.7265  893.60316
 176.00000     -29.7265  893.74323
 177.00000     -29.7265  893.88257
 178.00000     -29.7265  894.02119
 179.00000     -29.7265  894.15909
 180.00000     -29.7265  894.29628
 181.00000     -29.7265  894.43276
 182.00000     -29.7265  894.56854
 183.00000     -29.7265  894.70361
 184.00000     -29.7265  894.83798
 185.00000     -29.7265  894.97165
 186.00000     -29.7265  895.10464
 187.00000     -29.7265  895.23693
 188.00000     -29.7265  895.36854
 189.00000     -29.7265  895.49947
 190.00000     -29.7265  895.62972
 191.00000     -29.7265  895.75929
 192.00000     -29.7265  895.88820
 193.00000     -29.7265  896.01644
 194.00000     -29.7265  896.14401
 195.00000     -29.7265  896.27092
 196.00000     -29.7265  896.39718
 197.00000     -29.7265  896.52278
 198.00000     -29.7265  896.64774
 199.00000     -29.7265  896.77204
 200.00000     -29.7265  896.89570
 201.00000     -29.7265  897.01873
 202.00000     -29.7265  897.14111
 203.00000     -29.7265  897.26286
 204.00000     -29.7265  897.38398
 205.00000     -29.7265  897.50448
 206.00000     -29.7265  897.62435
 207.00000     -29.7265  897.74360
 208.00000     -29.7265  897.86223
 209.00000     -29.7265  897.98025
 210.00000     -29.7265  898.09765
 211.00000     -29.7265  898.21445
 212.00000     -29.7265  898.33065
 213.00000     -29.7265  898.44624
 214.00000     -29.7265  898.56123
 215.00000     -29.7265  898.67563
 216.00000     -29.7265  898.78944
 217.00000     -29.7265  898.90266
 218.00000     -29.7265  899.01529
 219.00000     -29.7265  899.12734
 220.00000     -29.7265  899.23880
 221.00000     -29.7265  899.34969
 222.00000     -29.7265  899.46001
 223.00000     -29.7265  899.56976
 224.00000     -29.7265  899.67894
 225.00000     -29.7265  899.78755
 226.00000     -29.7265  899.89560
 227.00000     -29.7265  900.00309
 228.00000     -29.7265  900.11002
 229.00000     -29.7265  900.21640
 230.00000     -29.7265  900.32223
 231.00000     -29.7265  900.42751
 232.00000     -29.7265  900.53225
 233.00000     -29.7265  900.63645
 234.00000     -29.7265  900.74010
 235.00000     -29.7265  900.84322
 236.00000     -29.7265  900.94580
 237.00000     -29.7265  901.04786
 238.00000     -29.7265  901.14938
 239.00000     -29.7265  901.25038
 240.00000     -29.7265  901.35086
 241.00000     -29.7265  901.45082
 242.00000     -29.7265  901.55025
 243.00000     -29.7265  901.64918
 244.00000     -29.7265  901.74759
 245.00000     -29.7265  901.84549
 246.00000     -29.7265  901.94289
 247.00000     -29.7265  902.03978
 248.00000     -29.7265  902.13617
 249.00000     -29.7265  902.23206
 250.00000     -29.7265  902.32745
 251.00000     -29.7265  902.42236
 252.00000     -29.7265  902.51676
 253.00000     -29.7265  902.61068
 254.00000     -29.7265  902.70412
 255.00000     -29.7265  902.79707
 256.00000     -29.7265  902.88954
 257.00000     -29.7265  902.98153
 258.00000     -29.7265  903.07304
 259.00000     -29.7265  903.16408
 260.00000     -29.7265  903.25465
 261.00000     -29.7265  903.34475
 262.00000     -29.7265  903.43439
 263.00000     -29.7265  903.52356
 264.00000     -29.7265  903.61226
 265.00000     -29.7265  903.70051
 266.00000     -29.7265  903.78830
 267.00000     -29.7265  903.87564
 268.00000     -29.7265  903.96253
 269.00000     -29.7265  904.04896
 270.00000     -29.7265  904.13495
 271.00000     -29.7265  904.22049
 272.00000     -29.7265  904.30559
 273.00000     -29.7265  904.39025
 274.00000     -29.7265  904.47447
 275.00000     -29.7265  904.55826
 276.00000     -29.7265  904.64161
 277.00000     -29.7265  904.72453
 278.00000     -29.7265  904.80702
 279.00000     -29.7265  904.88908
 280.00000     -29.7265  904.97072
 281.00000     -29.7265  905.05193
 282.00000     -29.7265  905.13273
 283.00000     -29.7265  905.21311
 284.00000     -29.7265  905.29307
 285.00000     -29.7265  905.37261
 286.00000     -29.7265  905.45175
 287.00000     -29.7265  905.53047
 288.00000     -29.7265  905.60879
 289.00000     -29.7265  905.68670
 290.00000     -29.7266  905.76421
 291.00000     -29.7266  905.84132
 292.00000     -29.7266  905.91803
 293.00000     -29.7266  905.99434
 294.00000     -29.7266  906.07026
 295.00000     -29.7266  906.14578
 296.00000     -29.7266  906.22091
 297.00000     -29.7266  906.29565
 298.00000     -29.7266  906.37001
 299.00000     -29.7266  906.44398
 300.00000     -29.7266  906.51757
 301.00000     -29.7266  906.59078
 302.00000     -29.7266  906.66361
 303.00000     -29.7266  906.73606
 304.00000     -29.7266  906.80813
 305.00000     -29.7266  906.87984
 306.00000     -29.7266  906.95117
 307.00000     -29.7266  907.02213
 308.00000     -29.7266  907.09272
 309.00000     -29.7266  907.16295
 310.00000     -29.7266  907.23282
 311.00000     -29.7266  907.30232
 312.00000     -29.7266  907.37147
 313.00000     -29.7266  907.44026
 314.00000     -29.7266  907.50869
 315.00000     -29.7266  907.57676
 316.00000     -29.7266  907.64449
 317.00000     -29.7266  907.71186
 318.00000     -29.7266  907.77888
 319.00000     -29.7266  907.84556
 320.00000     -29.7266  907.91189
 321.00000     -29.7266  907.97788
 322.00000     -29.7266  908.04353
 323.00000     -29.7266  908.10883
 324.00000     -29.7266  908.17380
 325.00000     -29.7266  908.23844
 326.00000     -29.7266  908.30273
 327.00000     -29.7266  908.36670
 328.00000     -29.7266  908.43033
 329.00000     -29.7266  908.49364
 330.00000     -29.7266  908.55661
 331.00000     -29.7266  908.61926
 332.00000     -29.7266  908.68159
 333.00000     -29.7266  908.74359
 334.00000     -29.7266  908.80528
 335.00000     -29.7266  908.86664
 336.00000     -29.7266  908.92769
 337.00000     -29.7266  908.98842
 338.00000     -29.7266  909.04883
 339.00000     -29.7266  909.10893
 340.00000     -29.7266  909.16872
 341.00000     -29.7266  909.22821
 342.00000     -29.7266  909.28738
 343.00000     -29.7266  909.34625
 344.00000     -29.7266  909.40481
 345.00000     -29.7266  909.46307
 346.00000     -29.7266  909.52103
 347.00000     -29.7266  909.57868
 348.00000     -29.7266  909.63604
 349.00000     -29.7266  909.69311
 350.00000     -29.7266  909.74987
 351.00000     -29.7266  909.80634
 352.00000     -29.7266  909.86253
 353.00000     -29.7266  909.91842
 354.00000     -29.7266  909.97402
 355.00000     -29.7266  910.02933
 356.00000     -29.7266  910.08435
 357.00000     -29.7266  910.13910
 358.00000     -29.7266  910.19355
 359.00000     -29.7266  910.24773
 360.00000     -29.7266  910.30162
 361.00000     -29.7266  910.35524
 362.00000     -29.7266  910.40858
 363.00000     -29.7266  910.46164
 364.00000     -29.7266  910.51443
 365.00000     -29.7266  910.56694
 366.00000     -29.7266  910.61919
 367.00000     -29.7266  910.67116
 368.00000     -29.7266  910.72286
 369.00000     -29.7266  910.77430
 370.00000     -29.7266  910.82547
 371.00000     -29.7266  910.87637
 372.00000     -29.7266  910.92701
 373.00000     -29.7266  910.97739
 374.00000     -29.7266  911.02751
 375.00000     -29.7266  911.07737
 376.00000     -29.7266  911.12697
 377.00000     -29.7266  911.17631
 378.00000     -29.7266  911.22540
 379.00000     -29.7266  911.27423
 380.00000     -29.7266  911.32281
 381.00000     -29.7266  911.37114
 382.00000     -29.7266  911.41922
 383.00000     -29.7266  911.46705
 384.00000     -29.7266  911.51464
 385.00000     -29.7266  911.56197
 386.00000     -29.7266  911.60906
 387.00000     -29.7266  911.65591
 388.00000     -29.7266  911.70252
 389.00000     -29.7266  911.74888
 390.00000     -29.7266  911.79500
 391.00000     -29.7266  911.84089
 392.00000     -29.7266  911.88653
 393.00000     -29.7266  911.93195
 394.00000     -29.7266  911.97712
 395.00000     -29.7266  912.02206
 396.00000     -29.7266  912.06677
 397.00000     -29.7266  912.11125
 398.00000     -29.7266  912.15550
 399.00000     -29.7266  912.19952
 400.00000     -29.7266  912.24331
 401.00000     -29.7266  912.28687
 402.00000     -29.7266  912.33021
 403.00000     -29.7266  912.37332
 404.00000     -29.7266  912.41621
 405.00000     -29.7266  912.45888
 406.00000     -29.7266  912.50133
 407.00000     -29.7266  912.54356
 408.00000     -29.7266  912.58557
 409.00000     -29.7266  912.62736
 410.00000     -29.7266  912.66893
 411.00000     -29.7266  912.71030
 412.00000     -29.7266  912.75144
 413.00000     -29.7266  912.79237
 414.00000     -29.7266  912.83310
 415.00000     -29.7266  912.87361
 416.00000     -29.7266  912.91391
 417.00000     -29.7266  912.95400
 418.00000     -29.7266  912.99388
 419.00000     -29.7266  913.03356
 420.00000     -29.7266  913.07303
 421.00000     -29.7266  913.11230
 422.00000     -29.7266  913.15137
 423.00000     -29.7266  913.19023
 424.00000     -29.7266  913.22889
 425.00000     -29.7266  913.26735
 426.00000     -29.7266  913.30561
 427.00000     -29.7266  913.34368
 428.00000     -29.7266  913.38154
 429.00000     -29.7266  913.41922
 430.00000     -29.7266  913.45669
 431.00000     -29.7266  913.49397
 432.00000     -29.7266  913.53106
 433.00000     -29.7266  913.56796
 434.00000     -29.7266  913.60467
 435.00000     -29.7266  913.64118
 436.00000     -29.7266  913.67751
 437.00000     -29.7266  913.71365
 438.00000     -29.7266  913.74960
 439.00000     -29.7266  913.78536
 440.00000     -29.7266  913.82094
 441.00000     -29.7266  913.85634
 442.00000     -29.7266  913.89155
 443.00000     -29.7266  913.92658
 444.00000     -29.7266  913.96143
 445.00000     -29.7266  913.99610
 446.00000     -29.7266  914.03059
 447.00000     -29.7266  914.06490
 448.00000     -29.7266  914.09903
 449.00000     -29.7266  914.13299
 450.00000     -29.7266  914.16677
 451.00000     -29.7266  914.20038
 452.00000     -29.7266  914.23381
 453.00000     -29.7266  914.26707
 454.00000     -29.7266  914.30015
 455.00000     -29.7266  914.33307
 456.00000     -29.7266  914.36581
 457.00000     -29.7266  914.39839
 458.00000     -29.7266  914.43079
 459.00000     -29.7266  914.46303
 460.00000     -29.7266  914.49511
 461.00000     -29.7266  914.52701
 462.00000     -29.7266  914.55875
 463.00000     -29.7266  914.59033
 464.00000     -29.7266  914.62174
 465.00000     -29.7266  914.65299
 466.00000     -29.7266  914.68408
 467.00000     -29.7266  914.71501
 468.00000     -29.7266  914.74577
 469.00000     -29.7266  914.77638
 470.00000     -29.7266  914.80683
 471.00000     -29.7266  914.83712
 472.00000     -29.7266  914.86726
 473.00000     -29.7266  914.89724
 474.00000     -29.7266  914.92706
 475.00000     -29.7266  914.95673
 476.00000     -29.7266  914.98625
 477.00000     -29.7266  915.01561
 478.00000     -29.7266  915.04482
 479.00000     -29.7266  915.07388
 480.00000     -29.7266  915.10279
 481.00000     -29.7266  915.13155
 482.00000     -29.7266  915.16016
 483.00000     -29.7266  915.18862
 484.00000     -29.7266  915.21694
 485.00000     -29.7266  915.24511
 486.00000     -29.7266  915.27313
 487.00000     -29.7266  915.30101
 488.00000     -29.7266  915.32874
 489.00000     -29.7266  915.35633
 490.00000     -29.7266  915.38378
 491.00000     -29.7266  915.41108
 492.00000     -29.7266  915.43825
 493.00000     -29.7266  915.46527
 494.00000     -29.7266  915.49215
 495.00000     -29.7266  915.51890
 496.00000     -29.7266  915.54550
 497.00000     -29.7266  915.57197
 498.00000     -29.7266  915.59830
 499.00000     -29.7266  915.62449
 500.00000     -29.7266  915.65055
 525.00000     -29.7266  916.25994
 550.00000     -29.7266  916.79516
 575.00000     -29.7266  917.26525
 600.00000     -29.7266  917.67812
 625.00000     -29.7266  918.04075
 650.00000     -29.7266  918.35925
 675.00000     -29.7266  918.63899
 700.00000     -29.7266  918.88468
 725.00000     -29.7266  919.10047
 750.00000     -29.7266  919.29000
 775.00000     -29.7266  919.45646
 800.00000     -29.7266  919.60267
 825.00000     -29.7266  919.73108
 850.00000     -29.7266  919.84387
 875.00000     -29.7266  919.94293
 900.00000     -29.7266  920.02993
 925.00000     -29.7266  920.10635
 950.00000     -29.7266  920.17346
 975.00000     -29.7266  920.23241
1000.00000     -29.7266  920.28418
1025.00000     -29.7266  920.32965
1050.00000     -29.7266  920.36959
1075.00000     -29.7266  920.40467
1100.00000     -29.7266  920.43548
1125.00000     -29.7266  920.46254
1150.00000     -29.7266  920.48631
1175.00000     -29.7266  920.50718
1200.00000     -29.7266  920.52552
1225.00000     -29.7266  920.54162
1250.00000     -29.7266  920.55576
1275.00000     -29.7266  920.56818
1300.00000     -29.7266  920.57909
1325.00000     -29.7266  920.58867
1350.00000     -29.7266  920.59709
1375.00000     -29.7266  920.60448
1400.00000     -29.7266  920.61098
1425.00000     -29.7266  920.61668
1450.00000     -29.7266  920.62169
1475.00000     -29.7266  920.62608
1500.00000     -29.7266  920.62995
1525.00000     -29.7266  920.63334
1550.00000     -29.7266  920.63632
1575.00000     -29.7266  920.63894
1600.00000     -29.7266  920.64124
1625.00000     -29.7266  920.64326
1650.00000     -29.7266  920.64503
1675.00000     -29.7266  920.64659
1700.00000     -29.7266  920.64796
1725.00000     -29.7266  920.64916
1750.00000     -29.7266  920.65021
1775.00000     -29.7266  920.65114
1800.00000     -29.7266  920.65195
1825.00000     -29.7266  920.65267
1850.00000     -29.7266  920.65330
1875.00000     -29.7266  920.65385
1900.00000     -29.7266  920.65433
1925.00000     -29.7266  920.65476
1950.00000     -29.7266  920.65513
1975.00000     -29.7266  920.65546
2000.00000     -29.7266  920.65575
2025.00000     -29.7266  920.65600
2050.00000     -29.7266  920.65622
2075.00000     -29.7266  920.65642
2100.00000     -29.7266  920.65659
2125.00000     -29.7266  920.65674
2150.00000     -29.7266  920.65687
2175.00000     -29.7266  920.65699
2200.00000     -29.7266  920.65709
2225.00000     -29.7266  920.65718
2250.00000     -29.7266  920.65726
2275.00000     -29.7266  920.65733
2300.00000     -29.7266  920.65739
2325.00000     -29.7266  920.65744
2350.00000     -29.7266  920.65749
2375.00000     -29.7266  920.65753
2400.00000     -29.7266  920.65757
2425.00000     -29.7266  920.65760
2450.00000     -29.7266  920.65763
2475.00000     -29.7266  920.65765
2500.00000     -29.7266  920.65767
