 0.000 -28.9 
 1.000 -28.9 
 2.000 -28.9 
 3.000 -29.820 
 4.000 -30.348 
 5.000 -30.369 
 6.000 -30.143 
 7.000 -29.844 
 8.000 -29.564 
 9.000 -29.345 
10.000 -29.192 
11.000 -29.096 
12.000 -29.043 
13.000 -29.019 
14.000 -29.012 
15.000 -29.014 
16.000 -29.019 
17.000 -29.026 
18.000 -29.031 
19.000 -29.035 
20.000 -29.038 
21.000 -29.038 
22.000 -29.038 
23.000 -29.037 
24.000 -29.035 
25.000 -29.032 
26.000 -29.030 
27.000 -29.028 
28.000 -29.025 
29.000 -29.023 
30.000 -29.021 
31.000 -29.019 
32.000 -29.017 
33.000 -29.015 
34.000 -29.013 
35.000 -29.012 
36.000 -29.010 
37.000 -29.008 
38.000 -29.007 
39.000 -29.005 
40.000 -29.004 
41.000 -29.002 
42.000 -29.001 
43.000 -28.999 
44.000 -28.998 
45.000 -28.996 
46.000 -28.995 
47.000 -28.994 
48.000 -28.993 
49.000 -28.991 
50.000 -28.990 
51.000 -28.989 
52.000 -28.988 
53.000 -28.987 
54.000 -28.986 
55.000 -28.985 
56.000 -28.984 
57.000 -28.983 
58.000 -28.982 
59.000 -28.981 
60.000 -28.980 
61.000 -28.979 
62.000 -28.979 
63.000 -28.978 
64.000 -28.977 
65.000 -28.976 
66.000 -28.976 
67.000 -28.975 
68.000 -28.974 
69.000 -28.974 
70.000 -28.973 
71.000 -28.972 
72.000 -28.972 
73.000 -28.971 
74.000 -28.971 
75.000 -28.970 
76.000 -28.970 
77.000 -28.969 
78.000 -28.969 
79.000 -28.968 
80.000 -28.968 
81.000 -28.968 
82.000 -28.967 
83.000 -28.967 
84.000 -28.967 
85.000 -28.966 
86.000 -28.966 
87.000 -28.966 
88.000 -28.966 
89.000 -28.965 
90.000 -28.965 
91.000 -28.965 
92.000 -28.965 
93.000 -28.965 
94.000 -28.965 
95.000 -28.965 
96.000 -28.964 
97.000 -28.964 
98.000 -28.964 
99.000 -28.964 
100.000 -28.964 
101.000 -28.964 
102.000 -28.964 
103.000 -28.963 
104.000 -28.963 
105.000 -28.963 
106.000 -28.963 
107.000 -28.963 
108.000 -28.963 
109.000 -28.963 
110.000 -28.963 
111.000 -28.962 
112.000 -28.962 
113.000 -28.962 
114.000 -28.962 
115.000 -28.962 
116.000 -28.962 
117.000 -28.962 
118.000 -28.962 
119.000 -28.961 
120.000 -28.961 
121.000 -28.961 
122.000 -28.961 
123.000 -28.961 
124.000 -28.961 
125.000 -28.961 
126.000 -28.961 
127.000 -28.960 
128.000 -28.960 
129.000 -28.960 
130.000 -28.960 
131.000 -28.960 
132.000 -28.960 
133.000 -28.960 
134.000 -28.960 
135.000 -28.959 
136.000 -28.959 
137.000 -28.959 
138.000 -28.959 
139.000 -28.959 
140.000 -28.959 
141.000 -28.959 
142.000 -28.959 
143.000 -28.958 
144.000 -28.958 
145.000 -28.958 
146.000 -28.958 
147.000 -28.958 
148.000 -28.958 
149.000 -28.958 
150.000 -28.958 
151.000 -28.957 
152.000 -28.957 
153.000 -28.957 
154.000 -28.957 
155.000 -28.957 
156.000 -28.957 
157.000 -28.957 
158.000 -28.957 
159.000 -28.956 
160.000 -28.956 
161.000 -28.956 
162.000 -28.956 
163.000 -28.956 
164.000 -28.956 
165.000 -28.956 
166.000 -28.956 
167.000 -28.955 
168.000 -28.955 
169.000 -28.955 
170.000 -28.955 
171.000 -28.955 
172.000 -28.955 
173.000 -28.955 
174.000 -28.955 
175.000 -28.954 
176.000 -28.954 
177.000 -28.954 
178.000 -28.954 
179.000 -28.954 
180.000 -28.954 
181.000 -28.954 
182.000 -28.954 
183.000 -28.953 
184.000 -28.953 
185.000 -28.953 
186.000 -28.953 
187.000 -28.953 
188.000 -28.953 
189.000 -28.953 
190.000 -28.953 
191.000 -28.953 
192.000 -28.952 
193.000 -28.952 
194.000 -28.952 
195.000 -28.952 
196.000 -28.952 
197.000 -28.952 
198.000 -28.952 
199.000 -28.952 
200.000 -28.951 
201.000 -28.951 
202.000 -28.951 
203.000 -28.951 
204.000 -28.951 
205.000 -28.951 
206.000 -28.951 
207.000 -28.951 
208.000 -28.951 
209.000 -28.950 
210.000 -28.950 
211.000 -28.950 
212.000 -28.950 
213.000 -28.950 
214.000 -28.950 
215.000 -28.950 
216.000 -28.950 
217.000 -28.949 
218.000 -28.949 
219.000 -28.949 
220.000 -28.949 
221.000 -28.949 
222.000 -28.949 
223.000 -28.949 
224.000 -28.949 
225.000 -28.949 
226.000 -28.948 
227.000 -28.948 
228.000 -28.948 
229.000 -28.948 
230.000 -28.948 
231.000 -28.948 
232.000 -28.948 
233.000 -28.948 
234.000 -28.948 
235.000 -28.947 
236.000 -28.947 
237.000 -28.947 
238.000 -28.947 
239.000 -28.947 
240.000 -28.947 
241.000 -28.947 
242.000 -28.947 
243.000 -28.947 
244.000 -28.946 
245.000 -28.946 
246.000 -28.946 
247.000 -28.946 
248.000 -28.946 
249.000 -28.946 
250.000 -28.946 
251.000 -28.946 
252.000 -28.946 
253.000 -28.945 
254.000 -28.945 
255.000 -28.945 
256.000 -28.945 
257.000 -28.945 
258.000 -28.945 
259.000 -28.945 
260.000 -28.945 
261.000 -28.945 
262.000 -28.945 
263.000 -28.944 
264.000 -28.944 
265.000 -28.944 
266.000 -28.944 
267.000 -28.944 
268.000 -28.944 
269.000 -28.944 
270.000 -28.944 
271.000 -28.944 
272.000 -28.943 
273.000 -28.943 
274.000 -28.943 
275.000 -28.943 
276.000 -28.943 
277.000 -28.943 
278.000 -28.943 
279.000 -28.943 
280.000 -28.943 
281.000 -28.942 
282.000 -28.942 
283.000 -28.942 
284.000 -28.942 
285.000 -28.942 
286.000 -28.942 
287.000 -28.942 
288.000 -28.942 
289.000 -28.942 
290.000 -28.942 
291.000 -28.942 
292.000 -28.941 
293.000 -28.941 
294.000 -28.941 
295.000 -28.941 
296.000 -28.941 
297.000 -28.941 
298.000 -28.941 
299.000 -28.941 
300.000 -28.941 
301.000 -28.941 
302.000 -28.940 
303.000 -28.940 
304.000 -28.940 
305.000 -28.940 
306.000 -28.940 
307.000 -28.940 
308.000 -28.940 
309.000 -28.940 
310.000 -28.940 
311.000 -28.940 
312.000 -28.939 
313.000 -28.939 
314.000 -28.939 
315.000 -28.939 
316.000 -28.939 
317.000 -28.939 
318.000 -28.939 
319.000 -28.939 
320.000 -28.939 
321.000 -28.938 
322.000 -28.938 
323.000 -28.938 
324.000 -28.938 
325.000 -28.938 
326.000 -28.938 
327.000 -28.938 
328.000 -28.938 
329.000 -28.938 
330.000 -28.938 
331.000 -28.938 
332.000 -28.938 
333.000 -28.937 
334.000 -28.937 
335.000 -28.937 
336.000 -28.937 
337.000 -28.937 
338.000 -28.937 
339.000 -28.937 
340.000 -28.937 
341.000 -28.937 
342.000 -28.937 
343.000 -28.936 
344.000 -28.936 
345.000 -28.936 
346.000 -28.936 
347.000 -28.936 
348.000 -28.936 
349.000 -28.936 
350.000 -28.936 
351.000 -28.936 
352.000 -28.936 
353.000 -28.936 
354.000 -28.935 
355.000 -28.935 
356.000 -28.935 
357.000 -28.935 
358.000 -28.935 
359.000 -28.935 
360.000 -28.935 
361.000 -28.935 
362.000 -28.935 
363.000 -28.935 
364.000 -28.935 
365.000 -28.934 
366.000 -28.934 
367.000 -28.934 
368.000 -28.934 
369.000 -28.934 
370.000 -28.934 
371.000 -28.934 
372.000 -28.934 
373.000 -28.934 
374.000 -28.934 
375.000 -28.934 
376.000 -28.934 
377.000 -28.933 
378.000 -28.933 
379.000 -28.933 
380.000 -28.933 
381.000 -28.933 
382.000 -28.933 
383.000 -28.933 
384.000 -28.933 
385.000 -28.933 
386.000 -28.933 
387.000 -28.933 
388.000 -28.933 
389.000 -28.932 
390.000 -28.932 
391.000 -28.932 
392.000 -28.932 
393.000 -28.932 
394.000 -28.932 
395.000 -28.932 
396.000 -28.932 
397.000 -28.932 
398.000 -28.932 
399.000 -28.932 
400.000 -28.932 
401.000 -28.931 
402.000 -28.931 
403.000 -28.931 
404.000 -28.931 
405.000 -28.931 
406.000 -28.931 
407.000 -28.931 
408.000 -28.931 
409.000 -28.931 
410.000 -28.931 
411.000 -28.931 
412.000 -28.931 
413.000 -28.930 
414.000 -28.930 
415.000 -28.930 
416.000 -28.930 
417.000 -28.930 
418.000 -28.930 
419.000 -28.930 
420.000 -28.930 
421.000 -28.930 
422.000 -28.930 
423.000 -28.930 
424.000 -28.930 
425.000 -28.930 
426.000 -28.929 
427.000 -28.929 
428.000 -28.929 
429.000 -28.929 
430.000 -28.929 
431.000 -28.929 
432.000 -28.929 
433.000 -28.929 
434.000 -28.929 
435.000 -28.929 
436.000 -28.929 
437.000 -28.929 
438.000 -28.929 
439.000 -28.928 
440.000 -28.928 
441.000 -28.928 
442.000 -28.928 
443.000 -28.928 
444.000 -28.928 
445.000 -28.928 
446.000 -28.928 
447.000 -28.928 
448.000 -28.928 
449.000 -28.928 
450.000 -28.928 
451.000 -28.928 
452.000 -28.928 
453.000 -28.927 
454.000 -28.927 
455.000 -28.927 
456.000 -28.927 
457.000 -28.927 
458.000 -28.927 
459.000 -28.927 
460.000 -28.927 
461.000 -28.927 
462.000 -28.927 
463.000 -28.927 
464.000 -28.927 
465.000 -28.927 
466.000 -28.927 
467.000 -28.926 
468.000 -28.926 
469.000 -28.926 
470.000 -28.926 
471.000 -28.926 
472.000 -28.926 
473.000 -28.926 
474.000 -28.926 
475.000 -28.926 
476.000 -28.926 
477.000 -28.926 
478.000 -28.926 
479.000 -28.926 
480.000 -28.926 
481.000 -28.925 
482.000 -28.925 
483.000 -28.925 
484.000 -28.925 
485.000 -28.925 
486.000 -28.925 
487.000 -28.925 
488.000 -28.925 
489.000 -28.925 
490.000 -28.925 
491.000 -28.925 
492.000 -28.925 
493.000 -28.925 
494.000 -28.925 
495.000 -28.924 
496.000 -28.924 
497.000 -28.924 
498.000 -28.924 
499.000 -28.924 
500.000 -28.924 
501.000 -28.924 
502.000 -28.924 
503.000 -28.924 
504.000 -28.924 
505.000 -28.924 
506.000 -28.924 
507.000 -28.924 
508.000 -28.924 
509.000 -28.924 
510.000 -28.924 
511.000 -28.923 
512.000 -28.923 
513.000 -28.923 
514.000 -28.923 
515.000 -28.923 
516.000 -28.923 
517.000 -28.923 
518.000 -28.923 
519.000 -28.923 
520.000 -28.923 
521.000 -28.923 
522.000 -28.923 
523.000 -28.923 
524.000 -28.923 
525.000 -28.923 
526.000 -28.922 
527.000 -28.922 
528.000 -28.922 
529.000 -28.922 
530.000 -28.922 
531.000 -28.922 
532.000 -28.922 
533.000 -28.922 
534.000 -28.922 
535.000 -28.922 
536.000 -28.922 
537.000 -28.922 
538.000 -28.922 
539.000 -28.922 
540.000 -28.922 
541.000 -28.922 
542.000 -28.921 
543.000 -28.921 
544.000 -28.921 
545.000 -28.921 
546.000 -28.921 
547.000 -28.921 
548.000 -28.921 
549.000 -28.921 
550.000 -28.921 
551.000 -28.921 
552.000 -28.921 
553.000 -28.921 
554.000 -28.921 
555.000 -28.921 
556.000 -28.921 
557.000 -28.921 
558.000 -28.921 
559.000 -28.920 
560.000 -28.920 
561.000 -28.920 
562.000 -28.920 
563.000 -28.920 
564.000 -28.920 
565.000 -28.920 
566.000 -28.920 
567.000 -28.920 
568.000 -28.920 
569.000 -28.920 
570.000 -28.920 
571.000 -28.920 
572.000 -28.920 
573.000 -28.920 
574.000 -28.920 
575.000 -28.920 
576.000 -28.919 
577.000 -28.919 
578.000 -28.919 
579.000 -28.919 
580.000 -28.919 
581.000 -28.919 
582.000 -28.919 
583.000 -28.919 
584.000 -28.919 
585.000 -28.919 
586.000 -28.919 
587.000 -28.919 
588.000 -28.919 
589.000 -28.919 
590.000 -28.919 
591.000 -28.919 
592.000 -28.919 
593.000 -28.919 
594.000 -28.918 
595.000 -28.918 
596.000 -28.918 
597.000 -28.918 
598.000 -28.918 
599.000 -28.918 
600.000 -28.918 
601.000 -28.918 
602.000 -28.918 
603.000 -28.918 
604.000 -28.918 
605.000 -28.918 
606.000 -28.918 
607.000 -28.918 
608.000 -28.918 
609.000 -28.918 
610.000 -28.918 
611.000 -28.918 
612.000 -28.917 
613.000 -28.917 
614.000 -28.917 
615.000 -28.917 
616.000 -28.917 
617.000 -28.917 
618.000 -28.917 
619.000 -28.917 
620.000 -28.917 
621.000 -28.917 
622.000 -28.917 
623.000 -28.917 
624.000 -28.917 
625.000 -28.917 
626.000 -28.917 
627.000 -28.917 
628.000 -28.917 
629.000 -28.917 
630.000 -28.917 
631.000 -28.916 
632.000 -28.916 
633.000 -28.916 
634.000 -28.916 
635.000 -28.916 
636.000 -28.916 
637.000 -28.916 
638.000 -28.916 
639.000 -28.916 
640.000 -28.916 
641.000 -28.916 
642.000 -28.916 
643.000 -28.916 
644.000 -28.916 
645.000 -28.916 
646.000 -28.916 
647.000 -28.916 
648.000 -28.916 
649.000 -28.916 
650.000 -28.916 
651.000 -28.915 
652.000 -28.915 
653.000 -28.915 
654.000 -28.915 
655.000 -28.915 
656.000 -28.915 
657.000 -28.915 
658.000 -28.915 
659.000 -28.915 
660.000 -28.915 
661.000 -28.915 
662.000 -28.915 
663.000 -28.915 
664.000 -28.915 
665.000 -28.915 
666.000 -28.915 
667.000 -28.915 
668.000 -28.915 
669.000 -28.915 
670.000 -28.915 
671.000 -28.914 
672.000 -28.914 
673.000 -28.914 
674.000 -28.914 
675.000 -28.914 
676.000 -28.914 
677.000 -28.914 
678.000 -28.914 
679.000 -28.914 
680.000 -28.914 
681.000 -28.914 
682.000 -28.914 
683.000 -28.914 
684.000 -28.914 
685.000 -28.914 
686.000 -28.914 
687.000 -28.914 
688.000 -28.914 
689.000 -28.914 
690.000 -28.914 
691.000 -28.914 
692.000 -28.913 
693.000 -28.913 
694.000 -28.913 
695.000 -28.913 
696.000 -28.913 
697.000 -28.913 
698.000 -28.913 
699.000 -28.913 
700.000 -28.913 
701.000 -28.913 
702.000 -28.913 
703.000 -28.913 
704.000 -28.913 
705.000 -28.913 
706.000 -28.913 
707.000 -28.913 
708.000 -28.913 
709.000 -28.913 
710.000 -28.913 
711.000 -28.913 
712.000 -28.913 
713.000 -28.913 
714.000 -28.912 
715.000 -28.912 
716.000 -28.912 
717.000 -28.912 
718.000 -28.912 
719.000 -28.912 
720.000 -28.912 
721.000 -28.912 
722.000 -28.912 
723.000 -28.912 
724.000 -28.912 
725.000 -28.912 
726.000 -28.912 
727.000 -28.912 
728.000 -28.912 
729.000 -28.912 
730.000 -28.912 
731.000 -28.912 
732.000 -28.912 
733.000 -28.912 
734.000 -28.912 
735.000 -28.912 
736.000 -28.911 
737.000 -28.911 
738.000 -28.911 
739.000 -28.911 
740.000 -28.911 
741.000 -28.911 
742.000 -28.911 
743.000 -28.911 
744.000 -28.911 
745.000 -28.911 
746.000 -28.911 
747.000 -28.911 
748.000 -28.911 
749.000 -28.911 
750.000 -28.911 
751.000 -28.911 
752.000 -28.911 
753.000 -28.911 
754.000 -28.911 
755.000 -28.911 
756.000 -28.911 
757.000 -28.911 
758.000 -28.911 
759.000 -28.910 
760.000 -28.910 
761.000 -28.910 
762.000 -28.910 
763.000 -28.910 
764.000 -28.910 
765.000 -28.910 
766.000 -28.910 
767.000 -28.910 
768.000 -28.910 
769.000 -28.910 
770.000 -28.910 
771.000 -28.910 
772.000 -28.910 
773.000 -28.910 
774.000 -28.910 
775.000 -28.910 
776.000 -28.910 
777.000 -28.910 
778.000 -28.910 
779.000 -28.910 
780.000 -28.910 
781.000 -28.910 
782.000 -28.910 
783.000 -28.910 
784.000 -28.909 
785.000 -28.909 
786.000 -28.909 
787.000 -28.909 
788.000 -28.909 
789.000 -28.909 
790.000 -28.909 
791.000 -28.909 
792.000 -28.909 
793.000 -28.909 
794.000 -28.909 
795.000 -28.909 
796.000 -28.909 
797.000 -28.909 
798.000 -28.909 
799.000 -28.909 
800.000 -28.909 
801.000 -28.909 
802.000 -28.909 
803.000 -28.909 
804.000 -28.909 
805.000 -28.909 
806.000 -28.909 
807.000 -28.909 
808.000 -28.908 
809.000 -28.908 
810.000 -28.908 
811.000 -28.908 
812.000 -28.908 
813.000 -28.908 
814.000 -28.908 
815.000 -28.908 
816.000 -28.908 
817.000 -28.908 
818.000 -28.908 
819.000 -28.908 
820.000 -28.908 
821.000 -28.908 
822.000 -28.908 
823.000 -28.908 
824.000 -28.908 
825.000 -28.908 
826.000 -28.908 
827.000 -28.908 
828.000 -28.908 
829.000 -28.908 
830.000 -28.908 
831.000 -28.908 
832.000 -28.908 
833.000 -28.907 
834.000 -28.907 
835.000 -28.907 
836.000 -28.907 
837.000 -28.907 
838.000 -28.907 
839.000 -28.907 
840.000 -28.907 
841.000 -28.907 
842.000 -28.907 
843.000 -28.907 
844.000 -28.907 
845.000 -28.907 
846.000 -28.907 
847.000 -28.907 
848.000 -28.907 
849.000 -28.907 
850.000 -28.907 
851.000 -28.907 
852.000 -28.907 
853.000 -28.907 
854.000 -28.907 
855.000 -28.907 
856.000 -28.907 
857.000 -28.907 
858.000 -28.907 
859.000 -28.906 
860.000 -28.906 
861.000 -28.906 
862.000 -28.906 
863.000 -28.906 
864.000 -28.906 
865.000 -28.906 
866.000 -28.906 
867.000 -28.906 
868.000 -28.906 
869.000 -28.906 
870.000 -28.906 
871.000 -28.906 
872.000 -28.906 
873.000 -28.906 
874.000 -28.906 
875.000 -28.906 
876.000 -28.906 
877.000 -28.906 
878.000 -28.906 
879.000 -28.906 
880.000 -28.906 
881.000 -28.906 
882.000 -28.906 
883.000 -28.906 
884.000 -28.906 
885.000 -28.906 
886.000 -28.905 
887.000 -28.905 
888.000 -28.905 
889.000 -28.905 
890.000 -28.905 
891.000 -28.905 
892.000 -28.905 
893.000 -28.905 
894.000 -28.905 
895.000 -28.905 
896.000 -28.905 
897.000 -28.905 
898.000 -28.905 
899.000 -28.905 
900.000 -28.905 
901.000 -28.905 
902.000 -28.905 
903.000 -28.905 
904.000 -28.905 
905.000 -28.905 
906.000 -28.905 
907.000 -28.905 
908.000 -28.905 
909.000 -28.905 
910.000 -28.905 
911.000 -28.905 
912.000 -28.905 
913.000 -28.904 
914.000 -28.904 
915.000 -28.904 
916.000 -28.904 
917.000 -28.904 
918.000 -28.904 
919.000 -28.904 
920.000 -28.904 
921.000 -28.904 
922.000 -28.904 
923.000 -28.904 
924.000 -28.904 
925.000 -28.904 
926.000 -28.904 
927.000 -28.904 
928.000 -28.904 
929.000 -28.904 
930.000 -28.904 
931.000 -28.904 
932.000 -28.904 
933.000 -28.904 
934.000 -28.904 
935.000 -28.904 
936.000 -28.904 
937.000 -28.904 
938.000 -28.904 
939.000 -28.904 
940.000 -28.904 
941.000 -28.904 
942.000 -28.903 
943.000 -28.903 
944.000 -28.903 
945.000 -28.903 
946.000 -28.903 
947.000 -28.903 
948.000 -28.903 
949.000 -28.903 
950.000 -28.903 
951.000 -28.903 
952.000 -28.903 
953.000 -28.903 
954.000 -28.903 
955.000 -28.903 
956.000 -28.903 
957.000 -28.903 
958.000 -28.903 
959.000 -28.903 
960.000 -28.903 
961.000 -28.903 
962.000 -28.903 
963.000 -28.903 
964.000 -28.903 
965.000 -28.903 
966.000 -28.903 
967.000 -28.903 
968.000 -28.903 
969.000 -28.902 
970.000 -28.902 
971.000 -28.902 
972.000 -28.902 
973.000 -28.902 
974.000 -28.902 
975.000 -28.902 
976.000 -28.902 
977.000 -28.902 
978.000 -28.902 
979.000 -28.902 
980.000 -28.902 
981.000 -28.902 
982.000 -28.902 
983.000 -28.902 
984.000 -28.902 
985.000 -28.902 
986.000 -28.902 
987.000 -28.902 
988.000 -28.902 
989.000 -28.902 
990.000 -28.902 
991.000 -28.902 
992.000 -28.902 
993.000 -28.902 
994.000 -28.902 
995.000 -28.902 
996.000 -28.902 
997.000 -28.902 
998.000 -28.902 
999.000 -28.902 
1000.000 -28.902